2 11.35
2 12.13
3 13.07
3 13.09
3 13.09
3 13.10
3 13.11
3 13.13
3 13.13
3 13.14
3 13.14
3 13.14
3 13.15
3 13.18
3 13.25
3 13.26
3 13.32
3 13.33
3 13.34
3 13.35
3 13.37
3 13.38
3 13.39
3 13.39
3 13.39
3 13.39
3 13.40
3 13.40
3 13.40
3 13.41
3 13.41
3 13.42
3 13.43
3 13.43
3 13.44
3 13.50
3 13.51
3 13.89
4 13.93
4 15.01
4 15.08
4 15.09
4 15.11
4 15.12
4 15.15
4 15.17
4 15.18
4 15.19
4 15.20
4 15.22
4 15.22
4 15.30
4 15.30
4 15.32
4 15.37
4 15.39
4 15.39
4 15.41
4 15.42
4 15.42
4 15.42
4 15.42
4 15.43
4 15.49
4 16.75
4 16.84
4 16.85
4 16.87
4 16.87
4 16.89
4 16.90
4 16.91
4 16.91
4 16.91
4 16.92
4 16.93
4 16.93
4 16.95
4 16.96
4 16.96
4 16.97
4 16.98
4 16.99
4 16.99
4 16.99
4 17.00
4 17.00
4 17.07
5 15.65
5 15.68
5 15.70
5 15.73
5 15.91
5 15.96
5 15.98
5 15.98
5 16.01
5 17.72
5 17.77
5 17.83
5 35.77
5 36.55
5 36.66
5 36.67
5 36.69
5 36.70
5 36.79
5 36.81
5 36.82
5 38.97
5 39.07
5 39.31
6 18.21
6 18.24
6 18.31
6 18.32
6 18.35
6 18.47
6 18.60
6 18.60
6 18.73
6 20.52
6 20.59
6 20.59
6 20.61
6 20.63
6 20.63
6 20.66
6 20.70
6 20.71
6 20.88
6 20.92
6 20.92
6 20.92
6 20.92
6 20.96
6 276.71
6 278.12
6 278.29
6 279.40
6 279.41
6 279.67
6 279.94
6 280.59
6 281.28
6 281.82
6 289.99
6 290.43
6 290.50
6 290.83
6 291.12
6 291.38
6 291.89
6 292.51
6 297.50
6 297.72
6 298.40
6 298.49
6 299.64
6 299.88
7 21.01
7 21.22
7 21.24
7 21.27
7 21.32
7 21.51
7 21.51
7 21.58
7 21.73
7 21.78
7 22.36
7 24.10
7 24.14
7 24.35
7 24.37
7 24.40
7 24.44
7 24.51
7 3316.15
7 3333.81
7 3356.83
7 3384.66
7 3385.27
7 3391.92
7 3400.56
7 3401.69
7 3419.25
7 3421.85
7 3431.03
7 3535.92
7 3539.70
7 3543.86
7 3553.85
7 3555.74
7 3559.26
7 3562.93
8 24.56
8 24.60
8 24.67
8 24.68
8 24.71
8 24.72
8 24.77
8 24.86
8 24.98
8 25.07
8 25.16
8 25.25
8 25.32
8 28.27
8 28.33
8 28.44
8 28.51
8 28.55
8 28.59
8 28.61
8 28.65
8 28.68
8 28.71
8 28.73
8 28.75
8 40718.27
8 40846.98
8 41085.89
8 41310.92
8 41426.73
8 41940.04
8 42004.78
8 42015.43
8 42051.25
8 42202.07
8 42414.13
8 42502.71
8 42524.91
8 43180.91
8 43334.16
8 43342.58
8 43410.85
8 43917.41
8 45035.79
8 45062.25
8 45086.93
8 45453.94
8 45489.46
8 45651.73
8 45671.70
9 29.49
9 29.59
9 32.71
9 424535.65
9 468581.77
9 472734.85
10 34.04
11 38.30
11 38.56
11 40.33
11 40.64
11 40.70
12 46.10
12 46.33
12 47.41
12 47.43
12 47.51
12 47.53
12 47.56
12 47.57
12 47.73
12 47.92
13 54.25
13 54.43
13 54.49
13 54.55
13 55.83
14 64.04
14 64.09
15 76.57
15 77.05
15 77.05
15 77.05
16 84.68
16 87.16
16 87.21
16 87.32
16 87.50
16 87.51
16 87.53
16 87.62
17 101.88
