2 0.31
3 0.24
3 0.24
3 0.25
3 0.25
3 0.26
3 0.26
3 0.27
3 0.27
3 0.28
3 0.28
3 0.28
3 0.30
3 0.30
3 0.30
3 0.30
3 0.31
3 0.32
3 0.33
4 0.24
4 0.25
4 0.25
4 0.26
4 0.26
4 0.26
4 0.27
4 0.27
4 0.27
4 0.28
4 0.28
4 0.28
4 0.28
4 0.29
4 0.29
4 0.29
4 0.29
4 0.29
4 0.29
4 0.29
4 0.29
4 0.30
4 0.30
4 0.32
4 0.34
5 0.25
5 0.26
5 0.27
5 0.27
5 0.27
5 0.28
5 0.29
5 0.30
5 0.30
5 0.30
5 0.32
5 0.33
6 0.28
6 0.28
6 0.28
6 0.28
6 0.28
6 0.29
6 0.29
6 0.29
6 0.30
6 0.30
6 0.30
6 0.31
6 0.32
6 0.33
6 0.33
6 0.33
6 0.33
6 0.34
6 0.35
6 0.35
6 0.36
6 0.37
6 0.42
6 0.48
7 0.28
7 0.30
7 0.31
7 0.33
7 0.34
7 0.34
7 0.34
7 0.35
7 0.35
7 0.35
7 0.36
7 0.36
7 0.36
7 0.36
7 0.36
7 0.37
7 0.38
7 0.38
8 0.25
8 0.28
8 0.29
8 0.29
8 0.31
8 0.31
8 0.31
8 0.32
8 0.33
8 0.33
8 0.33
8 0.33
8 0.34
8 0.34
8 0.34
8 0.34
8 0.34
8 0.34
8 0.34
8 0.35
8 0.35
8 0.36
8 0.38
8 0.39
8 0.40
9 0.27
9 0.29
9 0.31
10 0.31
11 0.32
11 0.33
11 0.35
11 0.35
11 0.36
12 0.29
12 0.33
12 0.33
12 0.34
12 0.35
12 0.37
12 0.37
12 0.38
12 0.39
12 0.47
13 0.31
13 0.31
13 0.32
13 0.34
13 0.38
14 0.36
14 0.40
15 0.37
15 0.39
15 0.41
15 0.43
16 0.39
16 0.39
16 0.39
16 0.40
16 0.41
16 0.41
16 0.42
16 0.42
17 0.41
