2 0.35
3 0.25
3 0.28
3 0.28
3 0.29
3 0.29
3 0.29
3 0.29
3 0.29
3 0.30
3 0.32
3 0.32
3 0.32
3 0.33
3 0.33
3 0.34
3 0.35
3 0.35
3 0.50
4 0.27
4 0.28
4 0.29
4 0.30
4 0.30
4 0.30
4 0.31
4 0.31
4 0.32
4 0.32
4 0.32
4 0.32
4 0.33
4 0.33
4 0.33
4 0.34
4 0.34
4 0.34
4 0.36
4 0.37
4 0.37
4 0.38
4 0.38
4 0.41
4 0.48
5 0.27
5 0.32
5 0.32
5 0.33
5 0.34
5 0.35
5 0.36
5 0.36
5 0.37
5 0.37
5 0.40
5 0.42
6 0.35
6 0.36
6 0.36
6 0.36
6 0.37
6 0.37
6 0.37
6 0.37
6 0.37
6 0.37
6 0.38
6 0.38
6 0.39
6 0.39
6 0.39
6 0.39
6 0.39
6 0.40
6 0.41
6 0.41
6 0.41
6 0.42
6 0.43
6 0.47
7 0.36
7 0.37
7 0.38
7 0.39
7 0.41
7 0.43
7 0.44
7 0.44
7 0.45
7 0.45
7 0.46
7 0.47
7 0.49
7 0.49
7 0.50
7 0.50
7 0.52
7 0.80
8 0.42
8 0.43
8 0.43
8 0.45
8 0.45
8 0.45
8 0.45
8 0.45
8 0.46
8 0.47
8 0.47
8 0.47
8 0.48
8 0.48
8 0.48
8 0.49
8 0.50
8 0.51
8 0.51
8 0.51
8 0.54
8 0.54
8 0.54
8 0.55
8 0.55
9 0.51
9 0.52
9 0.60
10 0.59
11 0.58
11 0.63
11 0.65
11 0.65
11 0.70
12 0.67
12 0.68
12 0.71
12 0.77
12 0.79
12 0.79
12 0.80
12 0.81
12 0.82
12 0.90
13 0.78
13 0.86
13 0.86
13 0.87
13 1.03
14 0.93
14 1.00
15 1.07
15 1.14
15 1.21
15 1.27
16 1.11
16 1.15
16 1.18
16 1.18
16 1.20
16 1.32
16 1.36
16 1.49
17 1.45
