2 11.49
3 12.59
3 12.59
3 12.60
3 12.61
3 12.63
3 12.63
3 12.64
3 12.66
3 12.66
3 12.67
3 12.67
3 12.69
3 12.69
3 12.70
3 12.72
3 12.75
3 12.80
3 13.17
4 11.76
4 14.73
4 14.73
4 14.74
4 14.75
4 14.77
4 14.78
4 14.78
4 14.78
4 14.78
4 14.78
4 14.78
4 14.78
4 14.80
4 14.80
4 14.81
4 14.81
4 14.82
4 14.82
4 14.82
4 14.83
4 14.84
4 14.85
4 14.85
4 14.86
5 13.07
5 13.09
5 13.10
5 13.13
5 13.16
5 13.20
5 13.22
5 13.29
5 13.31
5 17.32
5 17.73
5 17.79
6 14.66
6 14.95
6 14.99
6 15.00
6 15.11
6 15.12
6 15.16
6 15.26
6 15.27
6 20.43
6 20.84
6 20.90
6 20.90
6 20.92
6 20.93
6 20.93
6 21.00
6 21.00
6 21.02
6 21.04
6 21.15
6 21.17
6 21.31
6 21.39
7 17.07
7 17.23
7 17.29
7 17.43
7 17.47
7 17.52
7 17.53
7 17.55
7 17.55
7 18.04
7 18.12
7 24.29
7 24.32
7 24.35
7 24.40
7 24.64
7 24.66
7 24.75
8 18.97
8 19.07
8 19.07
8 19.10
8 19.10
8 19.16
8 19.20
8 19.21
8 19.28
8 19.35
8 19.61
8 19.68
8 20.30
8 28.46
8 28.46
8 28.46
8 28.52
8 28.52
8 28.66
8 28.71
8 28.75
8 28.81
8 28.85
8 28.98
8 29.36
9 21.46
9 21.56
9 33.64
10 23.98
11 27.06
11 27.13
11 27.18
11 27.19
11 27.26
12 30.15
12 30.21
12 30.33
12 30.38
12 30.39
12 30.48
12 30.57
12 30.74
12 30.79
12 31.16
13 34.14
13 34.31
13 34.32
13 34.57
13 35.05
14 38.13
14 38.50
15 43.12
15 43.35
15 43.49
15 43.74
16 47.54
16 48.05
16 48.12
16 48.12
16 48.19
16 48.21
16 48.29
16 48.69
17 53.90
