2 738880
2 742596
3 758172
3 761456
3 761564
3 761776
3 761832
3 761900
3 761916
3 761960
3 762100
3 762104
3 762108
3 762132
3 762160
3 762280
3 762352
3 762408
3 762836
3 763232
3 763316
3 763468
3 763560
3 763644
3 763708
3 763876
3 763908
3 764084
3 764204
3 764296
3 764344
3 764356
3 764436
3 764480
3 764488
3 764600
3 764780
3 766816
4 774500
4 774788
4 786024
4 787120
4 791288
4 791432
4 793112
4 793852
4 794056
4 794212
4 794424
4 794688
4 795720
4 795784
4 795808
4 795836
4 795872
4 795872
4 795956
4 795980
4 796012
4 796012
4 796072
4 796108
4 796224
4 796232
4 796244
4 796284
4 796292
4 796292
4 796324
4 796372
4 796400
4 796416
4 796424
4 796436
4 796460
4 796468
4 796544
4 796548
4 796648
4 796672
4 796696
4 796716
4 796784
4 796796
4 796832
4 796868
4 796944
4 796984
5 810516
5 810596
5 811076
5 812252
5 812384
5 812408
5 812540
5 812632
5 812756
5 812952
5 813012
5 813188
5 813628
5 813928
5 813940
5 813972
5 815012
5 816068
5 825144
5 825444
5 825460
5 825588
5 825740
5 834852
6 848372
6 849744
6 850744
6 851036
6 851080
6 851152
6 851268
6 851328
6 851428
6 851448
6 851540
6 851720
6 851784
6 851800
6 851800
6 851824
6 852120
6 852728
6 863896
6 864088
6 866804
6 867752
6 867936
6 867944
6 868512
6 875296
6 875464
6 876136
6 876312
6 876336
6 876596
6 876604
6 876724
6 876756
6 876788
6 876848
6 877020
6 877104
6 877292
6 877360
6 877440
6 877528
6 877536
6 877552
6 877588
6 877684
6 877720
6 877908
7 895348
7 899396
7 899584
7 899644
7 899748
7 899864
7 900932
7 901144
7 903600
7 905028
7 905712
7 905936
7 906340
7 906444
7 906840
7 908020
7 909804
7 909984
7 911212
7 911472
7 912408
7 912684
7 913556
7 914796
7 916028
7 916152
7 916680
7 917168
7 917864
7 918668
7 918944
7 935668
7 936784
7 937080
7 937224
7 937716
8 1001908
8 1002200
8 1002572
8 1002844
8 1002984
8 1003440
8 1003820
8 1003984
8 1005196
8 1005232
8 1005404
8 1005436
8 1005520
8 1005616
8 1005640
8 1006908
8 1007648
8 1012340
8 1013056
8 961820
8 963264
8 963316
8 963908
8 964316
8 965108
8 965256
8 965272
8 965588
8 970692
8 971380
8 972784
8 979644
8 980948
8 980968
8 981964
8 981980
8 981988
8 982104
8 982220
8 984516
8 984824
8 984956
8 984984
8 986048
8 986536
8 996348
8 997580
8 998876
8 999152
8 999440
9 1087376
9 1087848
9 1093280
9 1094208
9 1114696
9 1122972
10 1172568
10 1184980
11 1340452
11 1340552
11 1350844
11 1351916
11 1355096
11 1374448
11 1374464
11 1374936
11 1376828
11 1379636
12 1447644
12 1447820
12 1447960
12 1447980
12 1448060
12 1448312
12 1448464
12 1448492
12 1448512
12 1448728
12 1448796
12 1452752
12 1453200
12 1456248
12 1459144
12 1499128
12 1499288
12 1499928
12 1502884
12 1503308
13 1563456
13 1563724
13 1563856
13 1566076
13 1566648
13 1566760
13 1566860
13 1571036
13 1578552
13 1682648
14 1812884
14 1825952
14 1831720
14 1879428
15 1877868
15 2026136
15 2026720
15 2027044
15 2027176
15 2042524
15 2043160
15 2043364
16 2344996
16 2347144
16 2350412
16 2389748
16 2394588
16 2402972
16 2407280
16 2410152
16 2410168
16 2411500
16 2412004
16 2413240
16 2413596
16 2433384
16 2438048
16 2451904
17 2735304
17 2735468
