2 11.77
3 12.80
3 12.87
3 12.95
3 12.97
3 13.06
3 13.07
3 13.08
3 13.10
3 13.10
3 13.10
3 13.11
3 13.12
3 13.13
3 13.14
3 13.15
3 13.18
3 13.19
3 13.58
4 15.23
4 16.43
4 16.51
4 16.52
4 16.55
4 16.56
4 16.56
4 16.57
4 16.57
4 16.59
4 16.61
4 16.61
4 16.62
4 16.62
4 16.62
4 16.63
4 16.64
4 16.64
4 16.65
4 16.66
4 16.66
4 16.66
4 16.67
4 16.68
4 16.76
5 35.48
5 36.23
5 36.32
5 36.35
5 36.37
5 36.38
5 36.46
5 36.49
5 36.53
5 38.61
5 38.74
5 38.94
6 276.32
6 277.40
6 277.63
6 278.64
6 279.03
6 279.15
6 279.53
6 280.22
6 280.85
6 281.41
6 289.54
6 289.70
6 290.07
6 290.29
6 290.37
6 290.71
6 291.48
6 292.12
6 297.07
6 297.27
6 297.92
6 297.94
6 298.52
6 299.39
7 3315.48
7 3331.34
7 3356.36
7 3384.23
7 3384.79
7 3388.07
7 3399.96
7 3401.21
7 3412.74
7 3421.30
7 3423.46
7 3535.29
7 3538.87
7 3543.39
7 3552.30
7 3555.18
7 3556.62
7 3562.36
8 40703.95
8 40844.02
8 41035.82
8 41268.75
8 41401.26
8 41902.83
8 41964.52
8 41991.59
8 42000.31
8 42017.23
8 42113.35
8 42174.28
8 42348.28
8 42877.85
8 42996.31
8 43032.53
8 43056.12
8 43117.87
8 44253.33
8 44665.79
8 44703.83
8 44788.84
8 45140.25
8 45157.52
8 45240.86
9 424116.13
9 468135.69
9 472248.68
