2 718160
3 724484
3 724532
3 724704
3 724744
3 724764
3 724768
3 724788
3 724812
3 724836
3 724880
3 724972
3 724992
3 725044
3 725108
3 725116
3 725144
3 725248
3 725260
4 722828
4 732604
4 732932
4 732940
4 732940
4 732956
4 733008
4 733084
4 733240
4 733284
4 733288
4 733292
4 733332
4 733332
4 733332
4 733332
4 733356
4 733384
4 733396
4 733396
4 733496
4 733504
4 733536
4 733580
4 733644
5 726616
5 726736
5 726784
5 726800
5 726880
5 726928
5 726928
5 727040
5 727240
5 741024
5 741416
5 741504
6 734528
6 734544
6 734572
6 734680
6 734684
6 734884
6 734924
6 734928
6 735016
6 751732
6 751760
6 751968
6 752128
6 752184
6 752204
6 752452
6 752504
6 752588
6 752728
6 752824
6 752868
6 752876
6 752884
6 753156
7 741988
7 742024
7 742040
7 742052
7 742068
7 742068
7 742100
7 742276
7 742276
7 742300
7 742492
7 766524
7 766560
7 766564
7 766600
7 766644
7 768256
7 768664
8 752748
8 752844
8 752888
8 753056
8 753172
8 753340
8 753356
8 753484
8 753512
8 753536
8 753648
8 753744
8 753760
8 780624
8 781044
8 781076
8 781112
8 781152
8 781152
8 781176
8 781296
8 781384
8 781744
8 781776
8 782076
9 764604
9 765060
9 793516
10 769484
11 782940
11 783064
11 783140
11 783388
11 783524
12 795396
12 795540
12 795576
12 795668
12 795676
12 795864
12 796052
12 796196
12 796224
12 796464
13 822680
13 822968
13 823160
13 823368
13 823412
14 841776
14 843648
15 867900
15 868152
15 868644
15 869460
16 880396
16 880500
16 880628
16 880884
16 880888
16 880992
16 881280
16 881344
17 897992
