2 11.17
3 12.31
3 12.33
3 12.34
3 12.34
3 12.35
3 12.35
3 12.36
3 12.36
3 12.36
3 12.36
3 12.37
3 12.37
3 12.39
3 12.41
3 12.41
3 12.48
3 12.48
3 12.86
4 11.41
4 14.42
4 14.43
4 14.44
4 14.45
4 14.45
4 14.46
4 14.47
4 14.48
4 14.49
4 14.50
4 14.50
4 14.51
4 14.52
4 14.52
4 14.52
4 14.53
4 14.54
4 14.54
4 14.54
4 14.55
4 14.55
4 14.58
4 14.58
4 14.61
5 12.77
5 12.77
5 12.82
5 12.83
5 12.88
5 12.89
5 12.91
5 13.02
5 13.04
5 17.02
5 17.40
5 17.53
6 14.38
6 14.54
6 14.60
6 14.67
6 14.75
6 14.81
6 14.86
6 14.93
6 14.96
6 20.14
6 20.51
6 20.56
6 20.56
6 20.57
6 20.59
6 20.60
6 20.63
6 20.66
6 20.67
6 20.71
6 20.74
6 20.86
6 20.96
6 21.11
7 16.68
7 16.86
7 16.95
7 17.06
7 17.13
7 17.18
7 17.19
7 17.19
7 17.21
7 17.70
7 17.71
7 23.95
7 23.99
7 24.01
7 24.03
7 24.28
7 24.29
7 24.39
8 18.63
8 18.74
8 18.77
8 18.77
8 18.78
8 18.90
8 18.90
8 18.91
8 18.93
8 19.00
8 19.26
8 19.33
8 19.95
8 28.06
8 28.12
8 28.13
8 28.14
8 28.18
8 28.30
8 28.33
8 28.37
8 28.45
8 28.46
8 28.65
8 28.99
9 21.18
9 21.23
9 33.28
10 23.67
11 26.71
11 26.80
11 26.81
11 26.83
11 26.88
12 29.85
12 29.85
12 29.87
12 29.99
12 30.00
12 30.07
12 30.21
12 30.36
12 30.42
12 30.77
13 33.75
13 33.96
13 33.99
13 34.24
13 34.74
14 37.71
14 38.13
15 42.66
15 42.91
15 43.10
15 43.36
16 47.12
16 47.65
16 47.70
16 47.72
16 47.74
16 47.77
16 47.82
16 48.24
17 53.49
