2 742596
3 758172
3 761900
3 761916
3 761960
3 762100
3 762104
3 762132
3 762280
3 762352
3 762408
3 763232
3 763316
3 763560
3 763908
3 764084
3 764356
3 764436
3 764780
4 774500
4 791288
4 791432
4 793112
4 793852
4 794056
4 794212
4 794424
4 794688
4 795784
4 795872
4 795872
4 795956
4 795980
4 796072
4 796232
4 796244
4 796292
4 796324
4 796416
4 796544
4 796648
4 796716
4 796784
4 796944
5 810516
5 810596
5 812632
5 812756
5 812952
5 813012
5 813628
5 815012
5 816068
5 825444
5 825460
5 834852
6 851036
6 851080
6 851268
6 851720
6 851784
6 851800
6 851800
6 852120
6 852728
6 875296
6 876336
6 876604
6 876788
6 876848
6 877104
6 877292
6 877360
6 877440
6 877528
6 877552
6 877588
6 877684
6 877720
6 877908
7 900932
7 901144
7 903600
7 905028
7 906340
7 906444
7 908020
7 911212
7 911472
7 912408
7 912684
7 913556
7 914796
7 916028
7 916680
7 917168
7 917864
7 918944
8 1001908
8 1002984
8 1003440
8 1005404
8 1005436
8 1005616
8 1013056
8 961820
8 963316
8 965272
8 970692
8 971380
8 972784
8 979644
8 980948
8 980968
8 981964
8 981980
8 984984
8 986048
8 996348
8 997580
8 998876
8 999152
8 999440
9 1087848
9 1094208
9 1122972
10 1184980
11 1340452
11 1340552
11 1350844
11 1351916
11 1355096
12 1447960
12 1448464
12 1448796
12 1453200
12 1456248
12 1459144
12 1499128
12 1499288
12 1499928
12 1502884
13 1563456
13 1563856
13 1566076
13 1566860
13 1682648
14 1831720
14 1879428
15 2026720
15 2027044
15 2043160
15 2043364
16 2344996
16 2347144
16 2350412
16 2389748
16 2394588
16 2410168
16 2413240
16 2433384
17 2735304
