2 0.40
2 0.41
3 0.53
3 0.54
3 0.57
3 0.57
3 0.57
3 0.58
3 0.60
3 0.60
3 0.60
3 0.60
3 0.61
3 0.61
3 0.62
3 0.62
3 0.62
3 0.63
3 0.63
3 0.63
3 0.64
3 0.64
3 0.64
3 0.64
3 0.65
3 0.65
3 0.66
3 0.66
3 0.66
3 0.66
3 0.67
3 0.67
3 0.67
3 0.68
3 0.69
3 0.70
3 0.72
3 0.79
4 1.02
4 1.02
4 1.04
4 1.04
4 1.05
4 1.05
4 1.06
4 1.06
4 1.06
4 1.06
4 1.07
4 1.09
4 1.09
4 1.09
4 1.10
4 1.10
4 1.10
4 1.11
4 1.11
4 1.12
4 1.13
4 1.13
4 1.13
4 1.14
4 1.15
4 1.15
4 1.15
4 1.16
4 1.16
4 1.16
4 1.16
4 1.17
4 1.19
4 1.19
4 1.19
4 1.20
4 1.21
4 1.21
4 1.21
4 1.22
4 1.23
4 1.23
4 1.25
4 1.25
4 1.25
4 1.29
4 1.30
4 1.30
4 1.32
4 1.45
5 1.91
5 1.98
5 1.98
5 2.03
5 2.06
5 2.07
5 2.08
5 2.10
5 2.11
5 2.12
5 2.16
5 2.16
5 2.16
5 2.18
5 2.18
5 2.23
5 2.25
5 2.28
5 2.29
5 2.32
5 2.36
5 2.39
5 2.47
5 2.54
6 3.41
6 3.43
6 3.46
6 3.46
6 3.54
6 3.55
6 3.57
6 3.58
6 3.62
6 3.62
6 3.62
6 3.63
6 3.63
6 3.63
6 3.66
6 3.66
6 3.67
6 3.72
6 3.72
6 3.74
6 3.77
6 3.81
6 3.86
6 4.02
6 4.13
6 4.14
6 4.16
6 4.20
6 4.30
6 4.33
6 4.33
6 4.43
6 4.57
6 4.61
6 4.73
6 4.78
6 4.78
6 4.86
6 4.87
6 4.87
6 4.89
6 4.92
6 4.92
6 4.96
6 5.02
6 5.02
6 5.03
6 5.06
7 10.51
7 5.88
7 5.98
7 5.98
7 5.98
7 6.17
7 6.22
7 6.23
7 6.23
7 6.26
7 6.31
7 6.33
7 6.39
7 6.43
7 6.45
7 6.45
7 6.48
7 6.57
7 6.62
7 7.21
7 7.65
7 7.78
7 7.86
7 7.95
7 8.00
7 8.19
7 8.29
7 8.31
7 8.33
7 8.34
7 8.39
7 8.67
7 8.69
7 8.98
7 9.14
7 9.60
8 10.10
8 10.32
8 10.32
8 10.35
8 10.40
8 10.40
8 10.47
8 10.49
8 10.54
8 10.56
8 10.58
8 10.59
8 10.61
8 10.62
8 10.63
8 10.70
8 10.70
8 10.79
8 10.79
8 10.83
8 10.94
8 11.11
8 11.28
8 11.68
8 11.79
8 11.97
8 12.55
8 12.56
8 12.60
8 12.61
8 12.61
8 12.81
8 12.94
8 13.00
8 13.42
8 13.63
8 13.96
8 14.27
8 14.97
8 15.23
8 15.45
8 15.54
8 15.74
8 15.80
8 15.96
8 16.02
8 17.41
8 17.42
8 9.89
8 9.94
