2 13.85
2 13.90
3 16.18
3 16.19
3 16.20
3 16.22
3 16.22
3 16.24
3 16.24
3 16.25
3 16.26
3 16.27
3 16.28
3 16.30
3 16.30
3 16.32
3 16.33
3 16.34
3 16.34
3 16.35
3 16.36
3 16.36
3 16.37
3 16.37
3 16.37
3 16.42
3 16.42
3 16.43
3 16.43
3 16.43
3 16.43
3 16.44
3 16.44
3 16.44
3 16.44
3 16.48
3 16.50
3 16.86
4 17.30
4 17.65
4 20.20
4 20.26
4 20.31
4 20.33
4 20.38
4 20.38
4 20.39
4 20.39
4 20.40
4 20.40
4 20.41
4 20.41
4 20.44
4 20.45
4 20.46
4 20.46
4 20.46
4 20.48
4 20.49
4 20.49
4 20.49
4 20.50
4 20.51
4 20.51
4 20.52
4 20.53
4 20.54
4 20.54
4 20.55
4 20.55
4 20.55
4 20.56
4 20.56
4 20.57
4 20.57
4 20.57
4 20.58
4 20.59
4 20.60
4 20.61
4 20.61
4 20.61
4 20.62
4 20.64
4 20.64
4 20.70
4 20.70
4 20.80
5 21.57
5 21.60
5 21.61
5 21.61
5 21.73
5 21.80
5 21.98
5 22.03
5 22.04
5 22.07
5 22.10
5 22.12
5 22.21
5 22.23
5 22.33
5 22.36
5 22.58
5 22.93
5 25.37
5 25.50
5 25.52
5 25.54
5 25.95
5 26.17
6 26.49
6 26.70
6 26.71
6 26.74
6 26.94
6 27.13
6 27.17
6 27.28
6 27.28
6 27.61
6 27.78
6 27.88
6 28.39
6 28.41
6 28.44
6 28.51
6 28.54
6 28.63
6 30.71
6 30.79
6 30.79
6 30.89
6 30.93
6 30.93
6 30.97
6 30.98
6 31.03
6 31.05
6 31.06
6 31.13
6 31.14
6 31.20
6 31.43
6 31.89
6 32.50
6 32.51
6 32.58
6 32.67
6 32.74
6 32.80
6 32.82
6 32.90
6 32.92
6 32.92
6 33.03
6 33.09
6 33.27
6 33.32
7 32.40
7 32.94
7 33.10
7 33.13
7 33.17
7 33.19
7 33.21
7 33.24
7 33.26
7 33.27
7 33.33
7 34.44
7 34.61
7 36.50
7 36.61
7 36.62
7 36.81
7 36.99
7 37.03
7 37.06
7 37.09
7 37.21
7 38.01
7 38.07
7 38.19
7 38.25
7 38.35
7 38.38
7 38.59
7 40.33
7 40.50
7 40.52
7 40.59
7 40.68
7 41.09
7 41.12
8 40.69
8 40.70
8 40.89
8 40.91
8 41.04
8 41.39
8 41.48
8 41.57
8 41.72
8 41.81
8 41.83
8 41.85
8 41.88
8 42.94
8 43.58
8 43.65
8 43.90
8 43.93
8 44.02
8 44.03
8 44.08
8 44.12
8 44.23
8 46.23
8 46.35
8 46.77
8 48.15
8 48.20
8 48.32
8 48.40
8 48.47
8 48.51
8 48.60
8 48.65
8 48.72
8 48.73
8 48.73
8 48.99
8 51.25
8 51.29
8 51.57
8 51.69
8 51.70
8 51.76
8 51.77
8 51.78
8 51.78
8 51.98
8 52.12
8 52.19
9 50.12
9 51.24
9 54.46
9 54.54
9 58.01
9 62.34
10 61.56
10 66.52
11 75.72
11 76.86
11 77.01
11 77.02
11 77.20
11 81.33
11 81.44
11 82.00
11 83.62
11 83.65
12 100.10
12 100.17
12 100.38
12 88.92
12 89.20
12 89.50
12 91.68
12 91.73
12 91.86
12 92.17
12 92.17
12 92.23
12 92.49
12 97.31
12 97.47
12 97.89
12 99.13
12 99.21
12 99.34
12 99.37
13 108.62
13 110.99
13 111.44
13 111.72
13 112.08
13 118.60
13 118.94
13 118.97
13 120.11
13 120.21
14 134.69
14 135.36
14 143.47
14 146.50
15 155.73
15 160.75
15 161.78
15 162.25
15 174.87
15 175.70
15 176.03
15 176.88
16 193.53
16 196.59
16 196.60
16 198.29
16 199.20
16 199.26
16 199.42
16 199.86
16 207.09
16 208.91
16 213.19
16 214.13
16 214.88
16 215.23
16 215.73
16 216.14
17 220.52
17 250.53
