2 27.07
3 54.80
3 55.03
3 55.05
3 55.06
3 55.11
3 55.18
3 55.22
3 55.25
3 55.25
3 55.25
3 55.26
3 55.29
3 55.36
3 55.47
3 55.48
3 55.56
3 55.75
3 57.35
4 112.35
4 113.39
4 113.69
4 114.12
4 114.36
4 115.34
4 117.41
4 119.74
4 120.18
4 120.38
4 120.43
4 120.46
4 120.68
4 120.73
4 120.76
4 120.77
4 120.79
4 120.79
4 120.80
4 122.98
4 125.36
4 125.83
4 125.91
4 127.45
4 129.26
5 244.79
5 256.59
5 257.20
5 257.48
5 257.61
5 257.88
5 258.07
5 259.22
5 260.56
5 262.95
5 268.18
5 271.94
6 531.04
6 534.54
6 575.33
6 578.64
6 579.50
6 579.89
6 580.61
6 580.73
6 583.30
6 583.91
6 584.32
6 585.31
6 589.66
6 593.95
6 630.41
6 632.43
6 633.72
6 633.75
6 634.36
6 634.60
6 635.22
6 635.34
6 636.09
6 636.23
7 1150.01
7 1183.17
7 1196.19
7 1197.35
7 1200.11
7 1203.79
7 1212.62
7 1233.41
7 1264.47
7 1274.65
7 1282.19
7 1283.98
7 1290.63
7 1292.78
7 1301.46
7 1301.95
7 1304.74
7 1463.22
8 1956.81
8 2042.05
8 2180.98
8 2186.38
8 2220.39
8 2224.79
8 2242.32
8 2251.78
8 2353.60
8 2355.20
8 2355.71
8 2357.26
8 2358.37
8 2544.38
8 2578.62
8 2623.60
8 2654.77
8 2763.50
8 2764.26
8 2773.73
8 2785.77
8 2811.81
8 2812.58
8 2815.75
8 2816.74
