2 0.36
3 0.23
3 0.26
3 0.27
3 0.28
3 0.29
3 0.29
3 0.30
3 0.30
3 0.31
3 0.31
3 0.31
3 0.31
3 0.32
3 0.32
3 0.32
3 0.33
3 0.33
3 0.37
4 0.28
4 0.29
4 0.29
4 0.30
4 0.30
4 0.30
4 0.30
4 0.30
4 0.30
4 0.30
4 0.31
4 0.32
4 0.32
4 0.33
4 0.33
4 0.33
4 0.33
4 0.33
4 0.34
4 0.34
4 0.35
4 0.35
4 0.36
4 0.40
4 0.45
5 0.27
5 0.29
5 0.29
5 0.30
5 0.30
5 0.32
5 0.32
5 0.34
5 0.35
5 0.36
5 0.37
5 0.37
6 0.33
6 0.33
6 0.37
6 0.39
6 0.40
6 0.40
6 0.41
6 0.43
6 0.45
6 0.46
6 0.46
6 0.46
6 0.47
6 0.49
6 0.52
6 0.53
6 0.53
6 0.55
6 0.56
6 0.74
6 0.80
6 0.81
6 0.81
6 0.86
7 0.43
7 0.47
7 0.47
7 0.48
7 0.52
7 0.53
7 0.59
7 0.61
7 0.64
7 0.76
7 1.08
7 1.10
7 1.14
7 1.49
7 3.00
7 4.93
7 5.05
7 5.07
8 11.64
8 12.09
8 12.58
8 13.97
8 15.56
8 15.72
8 17.33
8 18.16
8 18.44
8 18.97
8 20.44
8 21.18
8 23.20
8 23.73
8 24.06
8 25.22
8 25.88
8 28.35
8 28.54
8 32.92
8 34.78
8 3.52
8 7.69
8 7.83
8 9.46
9 129.43
9 160.00
9 182.48
