2 740952
2 741576
3 757188
3 757720
3 757896
3 757952
3 757956
3 758536
3 758764
3 759044
3 759364
3 759404
3 759612
3 759656
3 760744
3 760976
3 761000
3 761460
3 761472
3 761472
3 761488
3 761572
3 761608
3 761620
3 761668
3 761768
3 762256
3 762448
3 762828
3 762844
3 762952
3 763000
3 763092
3 763196
3 763352
3 763892
3 763904
3 764524
4 768324
4 775020
4 784064
4 794268
4 794412
4 794568
4 794956
4 795096
4 795100
4 795104
4 795132
4 795164
4 795172
4 795216
4 795288
4 795372
4 795448
4 795560
4 795564
4 795584
4 795636
4 795644
4 795644
4 795700
4 795736
4 795768
4 795780
4 795788
4 795820
4 795832
4 795836
4 795848
4 795948
4 795976
4 795992
4 796056
4 796068
4 796088
4 796112
4 796128
4 796136
4 796144
4 796284
4 796296
4 796340
4 796388
4 796404
4 796404
4 796460
4 796688
5 800044
5 809756
5 810460
5 810816
5 810888
5 810964
5 811108
5 811116
5 811264
5 811268
5 811324
5 811548
5 811616
5 812460
5 812628
5 812816
5 813008
5 813332
5 819196
5 820524
5 821392
5 821500
5 825360
5 825880
6 833936
6 833992
6 835616
6 835856
6 836128
6 843736
6 844796
6 845800
6 846312
6 862676
6 862892
6 863052
6 863520
6 863524
6 863564
6 863880
6 863892
6 866376
6 866448
6 866752
6 868292
6 868352
6 876704
6 877380
6 938680
6 939004
6 939056
6 939776
6 940332
6 941396
6 941396
6 944464
6 947316
6 947876
6 948176
6 948332
6 948620
6 948784
6 969952
6 970036
6 970052
6 970340
6 980104
6 981596
6 981836
6 982220
6 983284
6 983684
7 890056
7 892364
7 895120
7 895144
7 895660
7 895864
7 895988
7 897772
7 899132
7 899204
7 905600
7 906696
7 907012
7 907536
7 908540
7 915452
7 915940
7 916904
7 955656
7 956328
7 956512
7 959580
7 959604
7 966336
7 966500
7 966528
7 966656
7 969708
7 970784
7 987548
7 987568
7 988232
7 988508
7 988540
7 990928
7 991664
8 1000644
8 1005272
8 1012216
8 1012332
8 1012360
8 1012448
8 1012832
8 1012836
8 1012880
8 1013136
8 1013208
8 1014612
8 1016212
8 1017984
8 1018228
8 1018736
8 1019108
8 1022064
8 1023256
8 1024180
8 1025680
8 1026528
8 1026844
8 1028160
8 1029240
8 1029304
8 950036
8 950148
8 950988
8 951696
8 957308
8 957336
8 957496
8 957504
8 957572
8 957584
8 964264
8 965636
8 968552
8 982948
8 984492
8 985760
8 991904
8 992512
8 992904
8 993016
8 993588
8 993656
8 998108
8 999424
9 1059468
9 1060240
9 1065924
9 1085024
9 1108248
9 1137000
10 1172768
11 1329976
11 1330544
11 1334336
11 1335064
11 1342488
12 1424680
12 1429244
12 1445652
12 1446112
12 1446176
12 1446292
12 1446448
12 1446472
12 1446636
12 1517376
13 1624616
13 1627708
13 1636592
13 1639520
13 1644776
14 1710076
14 1809544
15 2025864
15 2026012
15 2041700
15 2042272
16 2355108
16 2355920
16 2394436
16 2400196
16 2405048
16 2413116
16 2415480
16 2428376
17 2734404
