2 729116
2 730336
3 738192
3 738384
3 738476
3 739156
3 740008
3 740120
3 740148
3 740160
3 740176
3 740296
3 740304
3 740564
3 740616
3 740624
3 740684
3 740720
3 740748
3 740772
3 740820
3 740876
3 741020
3 741108
3 741204
3 741364
3 741364
3 741428
3 741448
3 741540
3 741548
3 741596
3 741608
3 741612
3 741652
3 741744
3 742076
3 742276
4 742560
4 744500
4 754260
4 755540
4 755640
4 755908
4 755968
4 755984
4 756032
4 756196
4 756292
4 756328
4 756432
4 757152
4 757188
4 757220
4 757352
4 757416
4 757728
4 757736
4 757764
4 757788
4 757856
4 758020
4 758048
4 758124
4 758196
4 758212
4 758216
4 758260
4 758272
4 758280
4 758324
4 758372
4 758376
4 758476
4 758480
4 758484
4 758584
4 758656
4 758672
4 758692
4 758860
4 758900
4 758980
4 759088
4 759272
4 759328
4 759684
4 759912
5 758984
5 760204
5 760204
5 760292
5 760456
5 760524
5 760604
5 762096
5 762300
5 773540
5 773700
5 774424
5 775192
5 775576
5 775828
5 776540
5 779516
5 784344
5 784348
5 784552
5 785704
5 794048
5 795652
5 795784
6 775468
6 775560
6 775604
6 776044
6 781532
6 783116
6 787636
6 787844
6 788472
6 797388
6 798504
6 798732
6 799044
6 799132
6 799208
6 799324
6 799340
6 799360
6 799364
6 799416
6 799524
6 799624
6 799972
6 801444
6 878816
6 878852
6 878872
6 879008
6 879048
6 879052
6 879064
6 879080
6 879088
6 888932
6 888980
6 889028
6 889088
6 889168
6 889196
6 889232
6 889456
6 889532
6 910300
6 910320
6 910348
6 910384
6 910404
6 910520
7 804208
7 805536
7 805536
7 806160
7 806268
7 806412
7 806900
7 806904
7 807128
7 807672
7 808436
7 824468
7 825056
7 826604
7 826840
7 827296
7 827636
7 828876
7 893104
7 893144
7 893296
7 895256
7 895256
7 895276
7 895700
7 896520
7 897112
7 897296
7 899584
7 936252
7 939608
7 940108
7 940116
7 942956
7 943072
7 943656
8 825156
8 826348
8 826828
8 829216
8 829260
8 829300
8 829304
8 829516
8 829824
8 833400
8 834496
8 835404
8 836624
8 852376
8 852568
8 853048
8 854960
8 855288
8 855540
8 855612
8 856104
8 856932
8 857020
8 857232
8 860364
8 943600
8 943672
8 944220
8 944364
8 944376
8 944520
8 944560
8 944600
8 944736
8 944788
8 944932
8 944932
8 944976
8 945340
8 966676
8 987828
8 988156
8 988572
8 988808
8 991224
8 991484
8 993172
8 994016
8 997148
8 998960
9 1002864
9 869640
9 873084
9 902920
9 912784
9 945308
10 910648
11 953548
11 953724
11 968180
11 971816
11 972184
12 1049180
12 1052704
12 1052724
12 1054132
12 1054768
12 1054880
12 1055232
12 1055672
12 1068104
12 1069560
13 1142744
13 1145080
13 1147936
13 1157108
13 1159180
14 1220308
14 1226344
15 1368708
15 1371384
15 1372544
15 1377092
16 1478268
16 1478724
16 1479808
16 1480036
16 1480240
16 1480528
16 1481084
16 1481748
17 1634456
