2 0.36
3 0.23
3 0.27
3 0.27
3 0.27
3 0.28
3 0.28
3 0.29
3 0.29
3 0.29
3 0.29
3 0.29
3 0.30
3 0.30
3 0.31
3 0.32
3 0.34
3 0.34
3 0.53
4 0.25
4 0.25
4 0.27
4 0.28
4 0.28
4 0.28
4 0.28
4 0.29
4 0.29
4 0.29
4 0.30
4 0.30
4 0.30
4 0.31
4 0.32
4 0.32
4 0.33
4 0.33
4 0.34
4 0.34
4 0.34
4 0.35
4 0.35
4 0.36
4 0.36
5 0.25
5 0.28
5 0.31
5 0.31
5 0.31
5 0.32
5 0.32
5 0.32
5 0.32
5 0.33
5 0.35
5 0.35
6 0.36
6 0.36
6 0.37
6 0.38
6 0.39
6 0.39
6 0.40
6 0.41
6 0.41
6 0.42
6 0.42
6 0.43
6 0.43
6 0.44
6 0.44
6 0.46
6 0.47
6 0.48
6 0.48
6 0.50
6 0.53
6 0.56
6 0.72
6 0.73
7 0.41
7 0.42
7 0.42
7 0.45
7 0.46
7 0.47
7 0.47
7 0.52
7 0.53
7 0.54
7 0.58
7 0.67
7 0.87
7 1.39
7 1.50
7 1.81
7 3.09
7 3.32
8 10.23
8 12.09
8 12.33
8 12.44
8 13.40
8 13.58
8 13.86
8 14.37
8 14.80
8 15.05
8 15.47
8 15.55
8 16.43
8 1.66
8 16.97
8 17.36
8 17.73
8 19.47
8 2.67
8 6.80
8 6.93
8 7.20
8 9.17
8 9.61
8 9.76
9 104.04
9 105.21
9 83.40
