2 11.00
2 11.77
3 12.73
3 12.74
3 12.76
3 12.77
3 12.80
3 12.80
3 12.81
3 12.81
3 12.81
3 12.82
3 12.84
3 12.87
3 12.87
3 12.95
3 12.96
3 12.97
3 13.01
3 13.04
3 13.06
3 13.06
3 13.07
3 13.07
3 13.08
3 13.08
3 13.08
3 13.10
3 13.10
3 13.10
3 13.11
3 13.12
3 13.13
3 13.14
3 13.15
3 13.18
3 13.19
3 13.58
4 13.59
4 14.67
4 14.80
4 14.80
4 14.81
4 14.82
4 14.85
4 14.86
4 14.88
4 14.88
4 14.89
4 14.89
4 14.89
4 14.98
4 15.00
4 15.03
4 15.04
4 15.04
4 15.07
4 15.08
4 15.08
4 15.10
4 15.11
4 15.12
4 15.12
4 15.23
4 16.43
4 16.51
4 16.52
4 16.55
4 16.56
4 16.56
4 16.57
4 16.57
4 16.59
4 16.61
4 16.61
4 16.62
4 16.62
4 16.62
4 16.63
4 16.64
4 16.64
4 16.65
4 16.66
4 16.66
4 16.66
4 16.67
4 16.68
4 16.76
5 15.32
5 15.36
5 15.41
5 15.45
5 15.56
5 15.65
5 15.66
5 15.68
5 15.71
5 17.36
5 17.46
5 17.46
5 35.48
5 36.23
5 36.32
5 36.35
5 36.37
5 36.38
5 36.46
5 36.49
5 36.53
5 38.61
5 38.74
5 38.94
6 17.87
6 17.91
6 17.97
6 18.02
6 18.03
6 18.15
6 18.26
6 18.31
6 18.37
6 20.24
6 20.27
6 20.28
6 20.29
6 20.30
6 20.31
6 20.34
6 20.38
6 20.40
6 20.57
6 20.58
6 20.60
6 20.61
6 20.61
6 20.63
6 276.32
6 277.40
6 277.63
6 278.64
6 279.03
6 279.15
6 279.53
6 280.22
6 280.85
6 281.41
6 289.54
6 289.70
6 290.07
6 290.29
6 290.37
6 290.71
6 291.48
6 292.12
6 297.07
6 297.27
6 297.92
6 297.94
6 298.52
6 299.39
7 20.72
7 20.90
7 20.92
7 20.97
7 20.99
7 21.12
7 21.16
7 21.18
7 21.24
7 21.36
7 21.45
7 23.73
7 23.79
7 23.96
7 24.04
7 24.06
7 24.06
7 24.16
7 3315.48
7 3331.34
7 3356.36
7 3384.23
7 3384.79
7 3388.07
7 3399.96
7 3401.21
7 3412.74
7 3421.30
7 3423.46
7 3535.29
7 3538.87
7 3543.39
7 3552.30
7 3555.18
7 3556.62
7 3562.36
8 24.19
8 24.26
8 24.30
8 24.31
8 24.32
8 24.35
8 24.41
8 24.41
8 24.64
8 24.69
8 24.80
8 24.82
8 24.86
8 27.91
8 27.96
8 28.08
8 28.09
8 28.19
8 28.23
8 28.27
8 28.28
8 28.29
8 28.32
8 28.33
8 28.39
8 40703.95
8 40844.02
8 41035.82
8 41268.75
8 41401.26
8 41902.83
8 41964.52
8 41991.59
8 42000.31
8 42017.23
8 42113.35
8 42174.28
8 42348.28
8 42877.85
8 42996.31
8 43032.53
8 43056.12
8 43117.87
8 44253.33
8 44665.79
8 44703.83
8 44788.84
8 45140.25
8 45157.52
8 45240.86
9 29.03
9 29.18
9 32.32
9 424116.13
9 468135.69
9 472248.68
10 33.49
11 37.92
11 38.11
11 39.88
11 40.13
11 40.17
12 45.60
12 45.92
12 46.90
12 46.92
12 46.97
12 47.00
12 47.05
12 47.12
12 47.31
12 47.50
13 53.71
13 53.89
13 53.94
13 53.98
13 55.22
14 63.43
14 63.54
15 75.92
15 76.32
15 76.39
15 76.46
16 83.93
16 86.29
16 86.41
16 86.53
16 86.76
16 86.83
16 86.86
16 86.91
17 101.13
