2 25.94
2 27.07
3 52.96
3 53.23
3 53.29
3 53.44
3 53.52
3 53.64
3 53.81
3 54.42
3 54.80
3 55.03
3 55.05
3 55.06
3 55.11
3 55.15
3 55.18
3 55.22
3 55.25
3 55.25
3 55.25
3 55.26
3 55.29
3 55.36
3 55.47
3 55.48
3 55.55
3 55.56
3 55.58
3 55.63
3 55.64
3 55.66
3 55.66
3 55.70
3 55.75
3 55.89
3 55.98
3 57.35
4 112.35
4 113.39
4 113.69
4 114.12
4 114.29
4 114.36
4 114.60
4 115.07
4 115.08
4 115.23
4 115.27
4 115.34
4 115.47
4 115.89
4 116.09
4 116.10
4 116.11
4 116.12
4 117.41
4 118.90
4 119.74
4 120.18
4 120.38
4 120.40
4 120.43
4 120.46
4 120.53
4 120.68
4 120.73
4 120.76
4 120.77
4 120.79
4 120.79
4 120.80
4 120.91
4 120.96
4 121.17
4 121.19
4 121.33
4 121.46
4 121.65
4 121.65
4 121.66
4 121.81
4 122.98
4 125.36
4 125.83
4 125.91
4 127.45
4 129.26
5 237.47
5 239.55
5 244.79
5 251.75
5 252.03
5 252.79
5 252.85
5 252.90
5 253.34
5 254.00
5 256.59
5 257.20
5 257.48
5 257.61
5 257.88
5 258.07
5 259.22
5 260.56
5 260.95
5 262.95
5 263.62
5 264.51
5 268.18
5 271.94
6 438.80
6 451.06
6 457.08
6 458.89
6 471.12
6 471.13
6 471.14
6 471.38
6 472.27
6 472.97
6 473.03
6 473.24
6 473.35
6 473.76
6 473.98
6 474.06
6 474.49
6 478.15
6 480.84
6 482.11
6 482.13
6 482.36
6 483.06
6 489.89
6 531.04
6 534.54
6 575.33
6 578.64
6 579.50
6 579.89
6 580.61
6 580.73
6 583.30
6 583.91
6 584.32
6 585.31
6 589.66
6 593.95
6 630.41
6 632.43
6 633.72
6 633.75
6 634.36
6 634.60
6 635.22
6 635.34
6 636.09
6 636.23
7 1150.01
7 1183.17
7 1196.19
7 1197.35
7 1200.11
7 1203.79
7 1212.62
7 1233.41
7 1264.47
7 1274.65
7 1282.19
7 1283.98
7 1290.63
7 1292.78
7 1301.46
7 1301.95
7 1304.74
7 1463.22
7 955.59
7 969.11
7 971.31
7 971.89
7 973.11
7 973.24
7 973.72
7 974.25
7 974.31
7 974.88
7 975.23
7 976.10
7 977.05
7 977.41
7 985.36
7 986.64
7 987.70
7 989.70
8 1883.98
8 1901.55
8 1906.10
8 1908.97
8 1909.66
8 1911.02
8 1913.23
8 1915.21
8 1915.44
8 1917.03
8 1920.37
8 1920.67
8 1921.24
8 1921.69
8 1922.81
8 1934.05
8 1934.95
8 1936.40
8 1937.04
8 1938.15
8 1939.79
8 1942.37
8 1942.69
8 1942.93
8 1943.90
8 1956.81
8 2042.05
8 2180.98
8 2186.38
8 2220.39
8 2224.79
8 2242.32
8 2251.78
8 2353.60
8 2355.20
8 2355.71
8 2357.26
8 2358.37
8 2544.38
8 2578.62
8 2623.60
8 2654.77
8 2763.50
8 2764.26
8 2773.73
8 2785.77
8 2811.81
8 2812.58
8 2815.75
8 2816.74
