2 741576
3 757188
3 757720
3 757896
3 757952
3 757956
3 758536
3 758764
3 759044
3 759364
3 759404
3 759612
3 759656
3 760744
3 761000
3 761488
3 761572
3 761608
3 761668
4 775020
4 795104
4 795560
4 795644
4 795768
4 795780
4 795820
4 795832
4 795836
4 795848
4 795976
4 796056
4 796068
4 796088
4 796128
4 796136
4 796144
4 796284
4 796296
4 796340
4 796388
4 796404
4 796404
4 796460
4 796688
5 800044
5 810816
5 810888
5 810964
5 811116
5 811264
5 811268
5 811548
5 811616
5 821500
5 825360
5 825880
6 938680
6 939004
6 939056
6 939776
6 940332
6 941396
6 941396
6 944464
6 947316
6 947876
6 948176
6 948332
6 948620
6 948784
6 969952
6 970036
6 970052
6 970340
6 980104
6 981596
6 981836
6 982220
6 983284
6 983684
7 955656
7 956328
7 956512
7 959580
7 959604
7 966336
7 966500
7 966528
7 966656
7 969708
7 970784
7 987548
7 987568
7 988232
7 988508
7 988540
7 990928
7 991664
8 1005272
8 1012216
8 1012332
8 1012360
8 1012448
8 1012832
8 1012836
8 1012880
8 1013136
8 1013208
8 1014612
8 1016212
8 1017984
8 1018228
8 1018736
8 1019108
8 1022064
8 1023256
8 1024180
8 1025680
8 1026528
8 1026844
8 1028160
8 1029240
8 1029304
9 1060240
9 1085024
9 1137000
