2 13.55
3 15.77
3 15.89
3 16.01
3 16.01
3 16.08
3 16.08
3 16.08
3 16.09
3 16.10
3 16.10
3 16.12
3 16.12
3 16.13
3 16.14
3 16.14
3 16.14
3 16.15
3 16.60
4 19.51
4 21.91
4 21.95
4 21.99
4 22.02
4 22.02
4 22.03
4 22.04
4 22.04
4 22.05
4 22.06
4 22.09
4 22.10
4 22.10
4 22.11
4 22.12
4 22.12
4 22.13
4 22.15
4 22.16
4 22.19
4 22.20
4 22.20
4 22.20
4 22.33
5 51.23
5 51.27
5 51.45
5 51.49
5 51.60
5 51.60
5 51.69
5 51.73
5 51.75
5 55.41
5 55.68
5 56.19
6 435.98
6 436.08
6 436.45
6 436.66
6 437.44
6 438.11
6 438.21
6 439.61
6 441.65
6 442.84
6 445.76
6 445.89
6 447.76
6 447.84
6 452.39
6 453.58
6 454.05
6 461.90
6 462.94
6 463.30
6 463.71
6 464.71
6 466.32
6 466.54
7 5492.45
7 5498.81
7 5539.61
7 5545.94
7 5547.83
7 5560.80
7 5566.84
7 5570.58
7 5572.72
7 5577.07
7 5597.27
7 5769.82
7 5777.04
7 5780.09
7 5795.42
7 5801.09
7 5805.73
7 5815.01
8 68327.84
8 69989.83
8 70062.41
8 70114.95
8 70746.81
8 70753.97
8 70866.74
8 70891.55
8 70939.70
8 70990.05
8 71017.24
8 71191.89
8 71238.36
8 71657.48
8 71911.92
8 72612.56
8 72644.31
8 72649.74
8 73452.52
8 73939.96
8 76059.31
8 76903.93
8 77141.99
8 77434.39
8 77582.56
9 760168.25
9 803673.32
9 807624.01
