2 26.37
2 27.48
3 53.57
3 53.85
3 53.94
3 54.10
3 54.13
3 54.29
3 54.55
3 54.97
3 55.48
3 55.58
3 55.70
3 55.76
3 55.80
3 55.83
3 55.84
3 55.84
3 55.90
3 55.90
3 55.91
3 55.91
3 55.93
3 55.96
3 56.10
3 56.13
3 56.21
3 56.24
3 56.27
3 56.29
3 56.34
3 56.34
3 56.39
3 56.41
3 56.45
3 56.50
3 56.66
3 58.07
4 113.45
4 114.45
4 114.81
4 115.32
4 115.43
4 115.62
4 115.63
4 116.14
4 116.26
4 116.34
4 116.39
4 116.39
4 116.61
4 117.17
4 117.22
4 117.30
4 117.32
4 117.46
4 118.58
4 120.16
4 120.87
4 121.35
4 121.47
4 121.59
4 121.62
4 121.67
4 121.68
4 121.88
4 121.90
4 121.94
4 121.95
4 121.96
4 121.99
4 122.02
4 122.08
4 122.11
4 122.36
4 122.57
4 122.57
4 122.66
4 122.69
4 122.75
4 122.78
4 122.87
4 124.22
4 126.69
4 127.14
4 127.20
4 129.08
4 130.57
5 239.55
5 241.47
5 247.44
5 253.93
5 254.52
5 254.79
5 254.98
5 255.10
5 255.33
5 256.71
5 258.84
5 259.52
5 259.60
5 259.66
5 260.19
5 260.68
5 261.34
5 263.18
5 263.36
5 265.80
5 265.84
5 266.68
5 270.26
5 274.21
6 442.44
6 454.86
6 460.75
6 462.71
6 474.79
6 474.87
6 475.10
6 475.25
6 475.92
6 476.88
6 476.96
6 477.18
6 477.31
6 477.50
6 477.51
6 477.64
6 478.13
6 481.84
6 484.32
6 485.55
6 485.70
6 486.48
6 486.77
6 493.74
6 535.26
6 538.71
6 580.22
6 582.81
6 583.88
6 584.33
6 585.49
6 585.98
6 587.46
6 588.64
6 589.15
6 589.66
6 594.63
6 598.99
6 635.45
6 637.34
6 638.56
6 639.24
6 639.39
6 639.83
6 640.23
6 640.26
6 641.16
6 641.17
7 1157.91
7 1191.94
7 1204.49
7 1206.89
7 1207.95
7 1211.78
7 1219.89
7 1241.59
7 1272.82
7 1282.70
7 1292.39
7 1293.05
7 1299.40
7 1301.02
7 1309.79
7 1311.02
7 1316.17
7 1499.93
7 961.87
7 975.77
7 977.34
7 978.83
7 979.00
7 979.74
7 980.22
7 980.24
7 980.30
7 981.29
7 981.56
7 982.29
7 983.52
7 984.00
7 991.88
7 993.38
7 994.02
7 996.33
8 1894.72
8 1912.54
8 1916.65
8 1919.54
8 1921.18
8 1922.07
8 1924.10
8 1926.00
8 1926.34
8 1927.39
8 1931.98
8 1932.03
8 1932.40
8 1932.81
8 1933.29
8 1944.77
8 1945.67
8 1947.42
8 1947.97
8 1948.75
8 1951.03
8 1953.00
8 1953.09
8 1953.84
8 1954.15
8 1970.37
8 2060.73
8 2199.43
8 2232.41
8 2237.42
8 2237.73
8 2254.02
8 2264.60
8 2366.24
8 2367.82
8 2368.29
8 2370.22
8 2371.81
8 2558.73
8 2592.40
8 2661.80
8 2677.87
8 2811.16
8 2818.67
8 2820.77
8 2825.38
8 2849.05
8 2858.30
8 2860.76
8 2867.48
