2 10.99
2 11.49
3 12.59
3 12.59
3 12.60
3 12.61
3 12.63
3 12.63
3 12.63
3 12.63
3 12.64
3 12.66
3 12.66
3 12.66
3 12.66
3 12.67
3 12.67
3 12.67
3 12.68
3 12.68
3 12.69
3 12.69
3 12.70
3 12.70
3 12.71
3 12.71
3 12.71
3 12.72
3 12.72
3 12.73
3 12.75
3 12.75
3 12.76
3 12.77
3 12.78
3 12.80
3 12.81
3 13.17
4 11.70
4 11.76
4 14.73
4 14.73
4 14.74
4 14.74
4 14.74
4 14.74
4 14.75
4 14.76
4 14.77
4 14.77
4 14.78
4 14.78
4 14.78
4 14.78
4 14.78
4 14.78
4 14.78
4 14.78
4 14.79
4 14.79
4 14.79
4 14.80
4 14.80
4 14.80
4 14.80
4 14.81
4 14.81
4 14.81
4 14.82
4 14.82
4 14.82
4 14.82
4 14.83
4 14.83
4 14.83
4 14.83
4 14.84
4 14.84
4 14.84
4 14.84
4 14.84
4 14.84
4 14.85
4 14.85
4 14.85
4 14.86
4 14.86
4 14.87
5 12.96
5 12.97
5 12.99
5 13.01
5 13.05
5 13.07
5 13.08
5 13.09
5 13.10
5 13.13
5 13.14
5 13.14
5 13.16
5 13.18
5 13.20
5 13.22
5 13.29
5 13.31
5 17.27
5 17.32
5 17.33
5 17.42
5 17.73
5 17.79
6 14.54
6 14.55
6 14.56
6 14.56
6 14.61
6 14.63
6 14.66
6 14.67
6 14.69
6 14.73
6 14.95
6 14.99
6 15.00
6 15.11
6 15.12
6 15.16
6 15.26
6 15.27
6 20.00
6 20.05
6 20.06
6 20.08
6 20.08
6 20.09
6 20.09
6 20.11
6 20.11
6 20.13
6 20.15
6 20.21
6 20.24
6 20.27
6 20.28
6 20.43
6 20.84
6 20.90
6 20.90
6 20.92
6 20.93
6 20.93
6 21.00
6 21.00
6 21.02
6 21.04
6 21.15
6 21.17
6 21.31
6 21.39
7 16.39
7 16.40
7 16.41
7 16.43
7 16.46
7 16.46
7 16.47
7 16.50
7 16.50
7 16.54
7 16.56
7 17.07
7 17.23
7 17.29
7 17.43
7 17.47
7 17.52
7 17.53
7 17.55
7 17.55
7 18.04
7 18.12
7 23.28
7 23.37
7 23.43
7 23.48
7 23.70
7 23.72
7 23.97
7 24.29
7 24.32
7 24.35
7 24.40
7 24.64
7 24.66
7 24.75
8 18.41
8 18.42
8 18.42
8 18.42
8 18.43
8 18.44
8 18.45
8 18.45
8 18.51
8 18.52
8 18.54
8 18.57
8 18.59
8 18.97
8 19.07
8 19.07
8 19.10
8 19.10
8 19.16
8 19.20
8 19.21
8 19.28
8 19.35
8 19.61
8 19.68
8 20.30
8 27.08
8 27.09
8 27.12
8 27.13
8 27.15
8 27.15
8 27.22
8 27.27
8 27.31
8 27.45
8 27.73
8 27.73
8 28.46
8 28.46
8 28.46
8 28.52
8 28.52
8 28.66
8 28.71
8 28.75
8 28.81
8 28.85
8 28.98
8 29.36
9 20.59
9 20.68
9 21.46
9 21.56
9 32.43
9 33.64
10 23.29
10 23.98
11 25.90
11 25.98
11 26.28
11 26.31
11 26.40
11 27.06
11 27.13
11 27.18
11 27.19
11 27.26
12 28.95
12 28.97
12 28.97
12 28.98
12 28.99
12 29.00
12 29.03
12 29.23
12 29.46
12 29.61
12 30.15
12 30.21
12 30.33
12 30.38
12 30.39
12 30.48
12 30.57
12 30.74
12 30.79
12 31.16
13 32.50
13 32.67
13 32.78
13 32.82
13 33.06
13 34.14
13 34.31
13 34.32
13 34.57
13 35.05
14 36.15
14 36.32
14 38.13
14 38.50
15 40.75
15 40.90
15 41.08
15 41.27
15 43.12
15 43.35
15 43.49
15 43.74
16 44.53
16 44.71
16 44.80
16 45.16
16 45.17
16 45.36
16 45.63
16 45.71
16 47.54
16 48.05
16 48.12
16 48.12
16 48.19
16 48.21
16 48.29
16 48.69
17 51.10
17 53.90
