2 13.90
3 16.19
3 16.22
3 16.26
3 16.28
3 16.30
3 16.30
3 16.32
3 16.33
3 16.34
3 16.34
3 16.36
3 16.37
3 16.37
3 16.37
3 16.42
3 16.43
3 16.43
3 16.86
4 17.65
4 20.39
4 20.41
4 20.45
4 20.46
4 20.48
4 20.49
4 20.50
4 20.51
4 20.51
4 20.52
4 20.53
4 20.54
4 20.55
4 20.56
4 20.57
4 20.57
4 20.57
4 20.58
4 20.59
4 20.61
4 20.61
4 20.61
4 20.64
4 20.70
5 21.73
5 22.10
5 22.12
5 22.21
5 22.23
5 22.33
5 22.36
5 22.58
5 22.93
5 25.37
5 25.95
5 26.17
6 27.61
6 27.78
6 27.88
6 28.39
6 28.41
6 28.44
6 28.51
6 28.54
6 28.63
6 31.89
6 32.50
6 32.51
6 32.58
6 32.67
6 32.74
6 32.80
6 32.82
6 32.90
6 32.92
6 32.92
6 33.03
6 33.09
6 33.27
6 33.32
7 34.44
7 34.61
7 36.50
7 36.61
7 36.62
7 36.81
7 36.99
7 37.03
7 37.06
7 37.09
7 37.21
7 40.33
7 40.50
7 40.52
7 40.59
7 40.68
7 41.09
7 41.12
8 42.94
8 43.58
8 43.65
8 43.90
8 43.93
8 44.02
8 44.03
8 44.08
8 44.12
8 44.23
8 46.23
8 46.35
8 46.77
8 51.25
8 51.29
8 51.57
8 51.69
8 51.70
8 51.76
8 51.77
8 51.78
8 51.78
8 51.98
8 52.12
8 52.19
9 54.46
9 54.54
9 62.34
10 66.52
11 81.33
11 81.44
11 82.00
11 83.62
11 83.65
12 100.10
12 100.17
12 100.38
12 97.31
12 97.47
12 97.89
12 99.13
12 99.21
12 99.34
12 99.37
13 118.60
13 118.94
13 118.97
13 120.11
13 120.21
14 143.47
14 146.50
15 174.87
15 175.70
15 176.03
15 176.88
16 207.09
16 208.91
16 213.19
16 214.13
16 214.88
16 215.23
16 215.73
16 216.14
17 250.53
