2 27.48
3 55.48
3 55.58
3 55.70
3 55.76
3 55.80
3 55.83
3 55.84
3 55.90
3 55.90
3 55.91
3 55.91
3 55.93
3 55.96
3 56.10
3 56.13
3 56.21
3 56.39
3 58.07
4 113.45
4 114.45
4 114.81
4 115.32
4 115.43
4 116.39
4 118.58
4 120.87
4 121.35
4 121.59
4 121.62
4 121.68
4 121.88
4 121.90
4 121.94
4 121.95
4 121.96
4 121.99
4 122.02
4 124.22
4 126.69
4 127.14
4 127.20
4 129.08
4 130.57
5 247.44
5 258.84
5 259.52
5 259.60
5 259.66
5 260.19
5 260.68
5 261.34
5 263.18
5 265.84
5 270.26
5 274.21
6 535.26
6 538.71
6 580.22
6 582.81
6 583.88
6 584.33
6 585.49
6 585.98
6 587.46
6 588.64
6 589.15
6 589.66
6 594.63
6 598.99
6 635.45
6 637.34
6 638.56
6 639.24
6 639.39
6 639.83
6 640.23
6 640.26
6 641.16
6 641.17
7 1157.91
7 1191.94
7 1204.49
7 1206.89
7 1207.95
7 1211.78
7 1219.89
7 1241.59
7 1272.82
7 1282.70
7 1292.39
7 1293.05
7 1299.40
7 1301.02
7 1309.79
7 1311.02
7 1316.17
7 1499.93
8 1970.37
8 2060.73
8 2199.43
8 2232.41
8 2237.42
8 2237.73
8 2254.02
8 2264.60
8 2366.24
8 2367.82
8 2368.29
8 2370.22
8 2371.81
8 2558.73
8 2592.40
8 2661.80
8 2677.87
8 2811.16
8 2818.67
8 2820.77
8 2825.38
8 2849.05
8 2858.30
8 2860.76
8 2867.48
