2 730336
3 740160
3 740296
3 740304
3 740616
3 740684
3 740772
3 740876
3 741108
3 741364
3 741448
3 741548
3 741596
3 741608
3 741612
3 741652
3 741744
3 742076
3 742276
4 744500
4 756328
4 757188
4 757220
4 757416
4 757736
4 757788
4 757856
4 758020
4 758048
4 758124
4 758212
4 758260
4 758324
4 758372
4 758476
4 758480
4 758672
4 758692
4 758860
4 758900
4 759088
4 759272
4 759684
4 759912
5 775192
5 775576
5 775828
5 776540
5 779516
5 784344
5 784348
5 784552
5 785704
5 794048
5 795652
5 795784
6 878816
6 878852
6 878872
6 879008
6 879048
6 879052
6 879064
6 879080
6 879088
6 888932
6 888980
6 889028
6 889088
6 889168
6 889196
6 889232
6 889456
6 889532
6 910300
6 910320
6 910348
6 910384
6 910404
6 910520
7 893104
7 893144
7 893296
7 895256
7 895256
7 895276
7 895700
7 896520
7 897112
7 897296
7 899584
7 936252
7 939608
7 940108
7 940116
7 942956
7 943072
7 943656
8 943600
8 943672
8 944220
8 944364
8 944376
8 944520
8 944560
8 944600
8 944736
8 944788
8 944932
8 944932
8 944976
8 945340
8 966676
8 987828
8 988156
8 988572
8 988808
8 991224
8 991484
8 993172
8 994016
8 997148
8 998960
9 1002864
9 912784
9 945308
