2 0.41
3 0.54
3 0.57
3 0.57
3 0.57
3 0.58
3 0.61
3 0.62
3 0.62
3 0.63
3 0.63
3 0.64
3 0.64
3 0.64
3 0.66
3 0.66
3 0.67
3 0.67
3 0.72
4 1.02
4 1.04
4 1.05
4 1.06
4 1.07
4 1.09
4 1.10
4 1.10
4 1.12
4 1.13
4 1.15
4 1.15
4 1.16
4 1.16
4 1.17
4 1.19
4 1.19
4 1.21
4 1.21
4 1.22
4 1.23
4 1.29
4 1.30
4 1.30
4 1.45
5 2.03
5 2.07
5 2.08
5 2.10
5 2.11
5 2.23
5 2.25
5 2.29
5 2.32
5 2.36
5 2.47
5 2.54
6 4.13
6 4.14
6 4.16
6 4.20
6 4.30
6 4.33
6 4.33
6 4.43
6 4.57
6 4.61
6 4.73
6 4.78
6 4.78
6 4.86
6 4.87
6 4.87
6 4.89
6 4.92
6 4.92
6 4.96
6 5.02
6 5.02
6 5.03
6 5.06
7 10.51
7 7.21
7 7.65
7 7.78
7 7.86
7 7.95
7 8.00
7 8.19
7 8.29
7 8.31
7 8.33
7 8.34
7 8.39
7 8.67
7 8.69
7 8.98
7 9.14
7 9.60
8 11.68
8 11.79
8 11.97
8 12.55
8 12.56
8 12.60
8 12.61
8 12.61
8 12.81
8 12.94
8 13.00
8 13.42
8 13.63
8 13.96
8 14.27
8 14.97
8 15.23
8 15.45
8 15.54
8 15.74
8 15.80
8 15.96
8 16.02
8 17.41
8 17.42
