2 13.55
3 15.88
3 15.89
3 15.90
3 15.93
3 15.96
3 15.97
3 15.99
3 16.00
3 16.00
3 16.02
3 16.03
3 16.04
3 16.05
3 16.06
3 16.09
3 16.11
3 16.11
3 16.51
4 17.30
4 19.97
4 20.04
4 20.05
4 20.08
4 20.12
4 20.14
4 20.15
4 20.16
4 20.17
4 20.17
4 20.17
4 20.18
4 20.21
4 20.21
4 20.22
4 20.23
4 20.24
4 20.24
4 20.25
4 20.25
4 20.26
4 20.33
4 20.33
4 20.37
5 21.37
5 21.71
5 21.75
5 21.87
5 21.87
5 21.99
5 21.99
5 22.29
5 22.50
5 24.95
5 25.63
5 25.79
6 27.25
6 27.40
6 27.48
6 28.00
6 28.01
6 28.05
6 28.13
6 28.15
6 28.27
6 31.52
6 32.09
6 32.10
6 32.18
6 32.22
6 32.36
6 32.40
6 32.41
6 32.45
6 32.49
6 32.50
6 32.61
6 32.72
6 32.88
6 32.95
7 34.05
7 34.23
7 36.04
7 36.11
7 36.17
7 36.35
7 36.41
7 36.48
7 36.55
7 36.56
7 36.56
7 39.91
7 39.99
7 40.07
7 40.08
7 40.31
7 40.60
7 40.63
8 42.48
8 43.09
8 43.20
8 43.31
8 43.43
8 43.46
8 43.54
8 43.62
8 43.66
8 43.74
8 45.80
8 45.83
8 46.21
8 50.66
8 50.68
8 51.02
8 51.17
8 51.21
8 51.26
8 51.27
8 51.29
8 51.33
8 51.50
8 51.65
8 51.67
9 53.86
9 54.01
9 61.80
10 65.91
11 80.68
11 80.78
11 81.31
11 82.89
11 82.98
12 96.49
12 96.67
12 97.20
12 98.29
12 98.34
12 98.52
12 98.54
12 99.23
12 99.32
12 99.58
13 117.73
13 118.07
13 118.19
13 119.02
13 119.07
14 142.45
14 145.55
15 173.72
15 174.59
15 174.62
15 175.37
16 205.90
16 207.76
16 211.81
16 212.91
16 213.11
16 214.09
16 214.55
16 214.77
17 249.06
