2 13.92
3 16.09
3 16.27
3 16.34
3 16.34
3 16.36
3 16.39
3 16.39
3 16.41
3 16.41
3 16.41
3 16.41
3 16.42
3 16.42
3 16.43
3 16.44
3 16.44
3 16.46
3 16.93
4 19.85
4 22.25
4 22.32
4 22.34
4 22.35
4 22.35
4 22.37
4 22.38
4 22.38
4 22.40
4 22.41
4 22.42
4 22.43
4 22.44
4 22.45
4 22.47
4 22.47
4 22.48
4 22.49
4 22.49
4 22.51
4 22.51
4 22.53
4 22.57
4 22.64
5 51.56
5 51.58
5 51.83
5 51.85
5 51.88
5 51.92
5 52.01
5 52.05
5 52.09
5 55.79
5 56.05
5 56.49
6 436.34
6 436.42
6 436.99
6 437.06
6 437.89
6 438.59
6 438.62
6 440.04
6 443.04
6 443.42
6 446.22
6 446.31
6 448.27
6 449.13
6 452.88
6 454.04
6 455.41
6 462.43
6 463.54
6 463.85
6 465.11
6 465.35
6 467.06
6 467.42
7 5493.27
7 5499.52
7 5546.81
7 5548.59
7 5551.29
7 5566.44
7 5568.19
7 5571.16
7 5573.40
7 5577.60
7 5599.75
7 5771.18
7 5781.32
7 5788.60
7 5796.16
7 5806.30
7 5813.33
7 5815.54
8 68531.18
8 70056.40
8 70086.97
8 70123.04
8 70780.51
8 70786.89
8 70968.59
8 71037.57
8 71362.53
8 71413.98
8 71454.25
8 71597.40
8 71636.77
8 71933.13
8 72268.50
8 73067.45
8 73158.16
8 73232.21
8 74410.98
8 74766.85
8 77246.66
8 77715.43
8 77971.75
8 78496.55
8 78725.19
9 763157.42
9 804728.25
9 808754.12
