2 13.08
2 13.55
3 15.67
3 15.70
3 15.72
3 15.75
3 15.77
3 15.79
3 15.80
3 15.80
3 15.81
3 15.81
3 15.83
3 15.84
3 15.88
3 15.89
3 15.93
3 15.96
3 15.97
3 16.01
3 16.01
3 16.02
3 16.03
3 16.08
3 16.08
3 16.08
3 16.09
3 16.10
3 16.10
3 16.12
3 16.12
3 16.13
3 16.14
3 16.14
3 16.14
3 16.14
3 16.15
3 16.60
4 16.89
4 19.51
4 19.75
4 19.76
4 19.78
4 19.78
4 19.78
4 19.78
4 19.79
4 19.80
4 19.83
4 19.86
4 19.87
4 19.87
4 19.87
4 19.88
4 19.89
4 19.89
4 19.90
4 19.90
4 19.91
4 19.94
4 19.96
4 19.96
4 19.97
4 20.05
4 21.91
4 21.95
4 21.99
4 22.02
4 22.02
4 22.03
4 22.04
4 22.04
4 22.05
4 22.06
4 22.09
4 22.10
4 22.10
4 22.11
4 22.12
4 22.12
4 22.13
4 22.15
4 22.16
4 22.19
4 22.20
4 22.20
4 22.20
4 22.33
5 20.76
5 20.77
5 21.19
5 21.20
5 21.21
5 21.24
5 21.26
5 21.27
5 21.50
5 24.68
5 24.70
5 24.71
5 51.23
5 51.27
5 51.45
5 51.49
5 51.60
5 51.60
5 51.69
5 51.73
5 51.75
5 55.41
5 55.68
5 56.19
6 25.62
6 25.70
6 25.73
6 26.19
6 26.21
6 26.26
6 26.26
6 26.27
6 26.37
6 29.93
6 29.93
6 29.96
6 29.97
6 29.98
6 30.00
6 30.02
6 30.02
6 30.08
6 30.08
6 30.15
6 30.17
6 30.19
6 30.22
6 30.23
6 435.98
6 436.08
6 436.45
6 436.66
6 437.44
6 438.11
6 438.21
6 439.61
6 441.65
6 442.84
6 445.76
6 445.89
6 447.76
6 447.84
6 452.39
6 453.58
6 454.05
6 461.90
6 462.94
6 463.30
6 463.71
6 464.71
6 466.32
6 466.54
7 31.07
7 31.09
7 31.23
7 31.27
7 31.38
7 31.89
7 32.02
7 32.04
7 32.05
7 32.06
7 32.09
7 36.91
7 37.08
7 37.18
7 37.19
7 37.20
7 37.27
7 37.35
7 5492.45
7 5498.81
7 5539.61
7 5545.94
7 5547.83
7 5560.80
7 5566.84
7 5570.58
7 5572.72
7 5577.07
7 5597.27
7 5769.82
7 5777.04
7 5780.09
7 5795.42
7 5801.09
7 5805.73
7 5815.01
8 38.57
8 39.21
8 39.50
8 39.64
8 39.68
8 40.20
8 40.31
8 40.36
8 40.39
8 40.42
8 40.48
8 40.50
8 40.56
8 46.74
8 46.86
8 46.96
8 47.05
8 47.05
8 47.09
8 47.11
8 47.14
8 47.17
8 47.26
8 47.34
8 47.88
8 68327.84
8 69989.83
8 70062.41
8 70114.95
8 70746.81
8 70753.97
8 70866.74
8 70891.55
8 70939.70
8 70990.05
8 71017.24
8 71191.89
8 71238.36
8 71657.48
8 71911.92
8 72612.56
8 72644.31
8 72649.74
8 73452.52
8 73939.96
8 76059.31
8 76903.93
8 77141.99
8 77434.39
8 77582.56
9 48.17
9 48.51
9 56.02
9 760168.25
9 803673.32
9 807624.01
10 59.53
11 75.11
11 75.40
11 75.57
11 75.68
11 75.81
12 89.47
12 89.58
12 89.63
12 89.87
12 89.89
12 89.95
12 90.07
12 90.16
12 90.26
12 90.42
13 111.98
13 112.40
13 112.74
13 112.89
13 112.97
14 130.77
14 131.20
15 156.81
15 156.90
15 157.49
15 157.73
16 194.89
16 195.34
16 195.45
16 195.46
16 195.50
16 195.55
16 196.22
16 196.53
17 215.27
