2 718160
2 718280
3 724484
3 724532
3 724704
3 724744
3 724764
3 724768
3 724788
3 724812
3 724836
3 724880
3 724972
3 724992
3 725044
3 725108
3 725116
3 725144
3 725248
3 725260
3 725512
3 725752
3 725812
3 725820
3 725840
3 725860
3 725932
3 725944
3 725944
3 725964
3 725992
3 726024
3 726092
3 726208
3 726244
3 726312
3 726352
3 726452
4 722408
4 722828
4 731632
4 731644
4 731736
4 731780
4 731848
4 731860
4 731876
4 731952
4 731972
4 731984
4 732004
4 732036
4 732052
4 732072
4 732072
4 732076
4 732104
4 732172
4 732196
4 732208
4 732244
4 732256
4 732488
4 732552
4 732604
4 732932
4 732940
4 732940
4 732956
4 733008
4 733084
4 733240
4 733284
4 733288
4 733292
4 733332
4 733332
4 733332
4 733332
4 733356
4 733384
4 733396
4 733396
4 733496
4 733504
4 733536
4 733580
4 733644
5 726616
5 726736
5 726784
5 726800
5 726880
5 726928
5 726928
5 727040
5 727240
5 727512
5 727568
5 727680
5 727832
5 728028
5 728056
5 728552
5 728564
5 728920
5 741024
5 741416
5 741504
5 741784
5 741964
5 742120
6 734416
6 734468
6 734472
6 734528
6 734544
6 734572
6 734640
6 734672
6 734680
6 734684
6 734720
6 734880
6 734884
6 734924
6 734928
6 734936
6 734996
6 735016
6 751732
6 751760
6 751968
6 752128
6 752184
6 752204
6 752452
6 752504
6 752588
6 752728
6 752824
6 752868
6 752876
6 752884
6 753156
6 753744
6 753896
6 753916
6 753928
6 754024
6 754072
6 754152
6 754228
6 754268
6 754372
6 754612
6 756208
6 756264
6 756456
6 756740
7 741988
7 742024
7 742040
7 742052
7 742068
7 742068
7 742100
7 742276
7 742276
7 742300
7 742492
7 743100
7 743212
7 743216
7 743284
7 743380
7 743384
7 743468
7 743572
7 743628
7 743680
7 743688
7 766524
7 766560
7 766564
7 766600
7 766644
7 768256
7 768664
7 769108
7 769188
7 769320
7 769324
7 769328
7 769384
7 769400
8 752436
8 752548
8 752640
8 752652
8 752720
8 752720
8 752748
8 752768
8 752788
8 752844
8 752888
8 752948
8 752968
8 752988
8 753056
8 753112
8 753172
8 753220
8 753340
8 753356
8 753484
8 753512
8 753536
8 753648
8 753744
8 753760
8 780096
8 780224
8 780264
8 780268
8 780272
8 780344
8 780412
8 780456
8 780560
8 780588
8 780624
8 780700
8 780888
8 781044
8 781076
8 781112
8 781152
8 781152
8 781176
8 781296
8 781384
8 781744
8 781776
8 782076
9 762776
9 763024
9 764604
9 765060
9 789612
9 793516
10 769484
10 778036
11 782576
11 782704
11 782732
11 782776
11 782788
11 782940
11 783064
11 783140
11 783388
11 783524
12 795396
12 795540
12 795576
12 795668
12 795676
12 795864
12 796052
12 796196
12 796224
12 796464
12 798564
12 798608
12 798632
12 798668
12 798680
12 798840
12 798848
12 798936
12 798952
12 799104
13 822680
13 822968
13 823028
13 823144
13 823160
13 823240
13 823348
13 823368
13 823412
13 823488
14 841760
14 841776
14 843648
14 845040
15 865184
15 865488
15 867900
15 868152
15 868364
15 868644
15 869048
15 869460
16 880256
16 880396
16 880500
16 880524
16 880628
16 880792
16 880800
16 880808
16 880884
16 880888
16 880992
16 881116
16 881132
16 881280
16 881340
16 881344
17 897992
17 898176
