2 0.34
2 0.36
3 0.23
3 0.25
3 0.25
3 0.27
3 0.27
3 0.27
3 0.28
3 0.28
3 0.28
3 0.28
3 0.29
3 0.29
3 0.29
3 0.29
3 0.29
3 0.29
3 0.29
3 0.30
3 0.30
3 0.30
3 0.31
3 0.31
3 0.31
3 0.32
3 0.32
3 0.32
3 0.32
3 0.33
3 0.33
3 0.33
3 0.34
3 0.34
3 0.34
3 0.38
3 0.39
3 0.53
4 0.25
4 0.25
4 0.26
4 0.27
4 0.27
4 0.27
4 0.28
4 0.28
4 0.28
4 0.28
4 0.28
4 0.28
4 0.28
4 0.28
4 0.29
4 0.29
4 0.29
4 0.29
4 0.29
4 0.29
4 0.30
4 0.30
4 0.30
4 0.30
4 0.30
4 0.31
4 0.31
4 0.31
4 0.31
4 0.32
4 0.32
4 0.32
4 0.32
4 0.32
4 0.32
4 0.32
4 0.33
4 0.33
4 0.33
4 0.33
4 0.33
4 0.34
4 0.34
4 0.34
4 0.34
4 0.34
4 0.35
4 0.35
4 0.36
4 0.36
5 0.25
5 0.26
5 0.27
5 0.28
5 0.29
5 0.30
5 0.30
5 0.31
5 0.31
5 0.31
5 0.31
5 0.31
5 0.32
5 0.32
5 0.32
5 0.32
5 0.32
5 0.32
5 0.33
5 0.35
5 0.35
5 0.35
5 0.36
5 0.36
6 0.24
6 0.27
6 0.27
6 0.28
6 0.29
6 0.29
6 0.30
6 0.30
6 0.31
6 0.31
6 0.31
6 0.31
6 0.32
6 0.32
6 0.32
6 0.33
6 0.33
6 0.33
6 0.33
6 0.34
6 0.34
6 0.34
6 0.35
6 0.35
6 0.36
6 0.36
6 0.37
6 0.38
6 0.39
6 0.39
6 0.40
6 0.41
6 0.41
6 0.42
6 0.42
6 0.43
6 0.43
6 0.44
6 0.44
6 0.46
6 0.47
6 0.48
6 0.48
6 0.50
6 0.53
6 0.56
6 0.72
6 0.73
7 0.27
7 0.27
7 0.29
7 0.32
7 0.32
7 0.32
7 0.32
7 0.33
7 0.33
7 0.34
7 0.34
7 0.35
7 0.35
7 0.36
7 0.36
7 0.37
7 0.37
7 0.38
7 0.41
7 0.42
7 0.42
7 0.45
7 0.46
7 0.47
7 0.47
7 0.52
7 0.53
7 0.54
7 0.58
7 0.67
7 0.87
7 1.39
7 1.50
7 1.81
7 3.09
7 3.32
8 0.29
8 0.33
8 0.33
8 0.34
8 0.34
8 0.35
8 0.35
8 0.35
8 0.35
8 0.35
8 0.35
8 0.35
8 0.36
8 0.36
8 0.36
8 0.36
8 0.36
8 0.37
8 0.38
8 0.39
8 0.40
8 0.41
8 0.41
8 0.42
8 0.44
8 10.23
8 12.09
8 12.33
8 12.44
8 13.40
8 13.58
8 13.86
8 14.37
8 14.80
8 15.05
8 15.47
8 15.55
8 16.43
8 1.66
8 16.97
8 17.36
8 17.73
8 19.47
8 2.67
8 6.80
8 6.93
8 7.20
8 9.17
8 9.61
8 9.76
9 0.38
9 0.40
9 0.45
9 104.04
9 105.21
9 83.40
10 0.49
11 0.36
11 0.44
11 0.44
11 0.45
11 0.53
12 0.41
12 0.41
12 0.41
12 0.43
12 0.46
12 0.49
12 0.50
12 0.51
12 0.52
12 0.59
13 0.50
13 0.53
13 0.53
13 0.54
13 0.55
14 0.53
14 0.55
15 0.57
15 0.63
15 0.65
15 0.71
16 0.65
16 0.66
16 0.70
16 0.74
16 0.75
16 0.75
16 0.77
16 0.79
17 0.74
