2 13.41
2 13.92
3 16.02
3 16.04
3 16.07
3 16.08
3 16.09
3 16.11
3 16.12
3 16.13
3 16.13
3 16.15
3 16.17
3 16.17
3 16.21
3 16.25
3 16.27
3 16.28
3 16.28
3 16.29
3 16.31
3 16.34
3 16.34
3 16.36
3 16.39
3 16.39
3 16.41
3 16.41
3 16.41
3 16.41
3 16.42
3 16.42
3 16.42
3 16.43
3 16.44
3 16.44
3 16.46
3 16.93
4 17.29
4 19.85
4 20.06
4 20.08
4 20.09
4 20.12
4 20.13
4 20.15
4 20.15
4 20.19
4 20.20
4 20.21
4 20.22
4 20.24
4 20.24
4 20.24
4 20.24
4 20.26
4 20.27
4 20.28
4 20.29
4 20.29
4 20.32
4 20.33
4 20.37
4 20.41
4 22.25
4 22.32
4 22.34
4 22.35
4 22.35
4 22.37
4 22.38
4 22.38
4 22.40
4 22.41
4 22.42
4 22.43
4 22.44
4 22.45
4 22.47
4 22.47
4 22.48
4 22.49
4 22.49
4 22.51
4 22.51
4 22.53
4 22.57
4 22.64
5 21.11
5 21.12
5 21.50
5 21.52
5 21.53
5 21.57
5 21.63
5 21.66
5 21.81
5 25.05
5 25.06
5 25.08
5 51.56
5 51.58
5 51.83
5 51.85
5 51.88
5 51.92
5 52.01
5 52.05
5 52.09
5 55.79
5 56.05
5 56.49
6 25.95
6 26.03
6 26.10
6 26.50
6 26.55
6 26.62
6 26.63
6 26.64
6 26.69
6 30.28
6 30.33
6 30.35
6 30.35
6 30.37
6 30.38
6 30.40
6 30.40
6 30.44
6 30.45
6 30.48
6 30.51
6 30.51
6 30.52
6 30.53
6 436.34
6 436.42
6 436.99
6 437.06
6 437.89
6 438.59
6 438.62
6 440.04
6 443.04
6 443.42
6 446.22
6 446.31
6 448.27
6 449.13
6 452.88
6 454.04
6 455.41
6 462.43
6 463.54
6 463.85
6 465.11
6 465.35
6 467.06
6 467.42
7 31.46
7 31.59
7 31.65
7 31.68
7 31.77
7 32.37
7 32.40
7 32.43
7 32.45
7 32.64
7 32.82
7 37.30
7 37.47
7 37.58
7 37.65
7 37.67
7 37.69
7 37.79
7 5493.27
7 5499.52
7 5546.81
7 5548.59
7 5551.29
7 5566.44
7 5568.19
7 5571.16
7 5573.40
7 5577.60
7 5599.75
7 5771.18
7 5781.32
7 5788.60
7 5796.16
7 5806.30
7 5813.33
7 5815.54
8 39.05
8 39.61
8 39.93
8 40.12
8 40.25
8 40.66
8 40.75
8 40.82
8 40.84
8 40.89
8 40.90
8 40.97
8 41.07
8 47.15
8 47.32
8 47.41
8 47.50
8 47.54
8 47.55
8 47.56
8 47.60
8 47.63
8 47.70
8 47.92
8 48.31
8 68531.18
8 70056.40
8 70086.97
8 70123.04
8 70780.51
8 70786.89
8 70968.59
8 71037.57
8 71362.53
8 71413.98
8 71454.25
8 71597.40
8 71636.77
8 71933.13
8 72268.50
8 73067.45
8 73158.16
8 73232.21
8 74410.98
8 74766.85
8 77246.66
8 77715.43
8 77971.75
8 78496.55
8 78725.19
9 48.67
9 48.94
9 56.52
9 763157.42
9 804728.25
9 808754.12
10 60.05
11 75.72
11 76.04
11 76.20
11 76.21
11 76.44
12 90.16
12 90.27
12 90.30
12 90.53
12 90.53
12 90.59
12 90.83
12 90.86
12 90.87
12 91.10
13 112.81
13 113.21
13 113.50
13 113.65
13 113.81
14 131.61
14 131.98
15 157.83
15 157.88
15 158.45
15 158.64
16 196.04
16 196.48
16 196.56
16 196.69
16 196.69
16 196.71
16 197.70
16 197.78
17 216.51
