2 13.38
2 13.55
3 15.87
3 15.88
3 15.88
3 15.89
3 15.90
3 15.92
3 15.92
3 15.92
3 15.93
3 15.94
3 15.96
3 15.96
3 15.97
3 15.99
3 16.00
3 16.00
3 16.01
3 16.02
3 16.03
3 16.03
3 16.04
3 16.05
3 16.06
3 16.09
3 16.09
3 16.10
3 16.10
3 16.11
3 16.11
3 16.11
3 16.12
3 16.13
3 16.14
3 16.15
3 16.16
3 16.51
4 16.92
4 17.30
4 19.86
4 19.94
4 19.94
4 19.97
4 19.99
4 20.01
4 20.01
4 20.04
4 20.05
4 20.05
4 20.05
4 20.05
4 20.06
4 20.08
4 20.09
4 20.10
4 20.10
4 20.12
4 20.14
4 20.14
4 20.15
4 20.16
4 20.16
4 20.16
4 20.17
4 20.17
4 20.17
4 20.17
4 20.18
4 20.18
4 20.19
4 20.21
4 20.21
4 20.21
4 20.22
4 20.23
4 20.24
4 20.24
4 20.25
4 20.25
4 20.26
4 20.27
4 20.28
4 20.31
4 20.33
4 20.33
4 20.37
4 20.43
5 21.19
5 21.25
5 21.28
5 21.33
5 21.37
5 21.48
5 21.63
5 21.71
5 21.71
5 21.74
5 21.75
5 21.76
5 21.87
5 21.87
5 21.99
5 21.99
5 22.29
5 22.50
5 24.95
5 25.13
5 25.18
5 25.20
5 25.63
5 25.79
6 26.17
6 26.37
6 26.37
6 26.39
6 26.59
6 26.76
6 26.79
6 26.88
6 26.92
6 27.25
6 27.40
6 27.48
6 28.00
6 28.01
6 28.05
6 28.13
6 28.15
6 28.27
6 30.37
6 30.40
6 30.43
6 30.49
6 30.53
6 30.57
6 30.59
6 30.60
6 30.65
6 30.68
6 30.68
6 30.77
6 30.79
6 30.80
6 31.08
6 31.52
6 32.09
6 32.10
6 32.18
6 32.22
6 32.36
6 32.40
6 32.41
6 32.45
6 32.49
6 32.50
6 32.61
6 32.72
6 32.88
6 32.95
7 32.05
7 32.50
7 32.55
7 32.67
7 32.71
7 32.77
7 32.78
7 32.80
7 32.84
7 32.88
7 32.93
7 34.05
7 34.23
7 36.04
7 36.11
7 36.17
7 36.35
7 36.41
7 36.48
7 36.55
7 36.56
7 36.56
7 37.56
7 37.63
7 37.82
7 37.84
7 37.98
7 37.99
7 38.10
7 39.91
7 39.99
7 40.07
7 40.08
7 40.31
7 40.60
7 40.63
8 40.23
8 40.27
8 40.48
8 40.50
8 40.51
8 40.98
8 40.99
8 41.14
8 41.23
8 41.28
8 41.37
8 41.39
8 41.46
8 42.48
8 43.09
8 43.20
8 43.31
8 43.43
8 43.46
8 43.54
8 43.62
8 43.66
8 43.74
8 45.80
8 45.83
8 46.21
8 47.69
8 47.78
8 47.79
8 47.98
8 48.01
8 48.07
8 48.14
8 48.17
8 48.27
8 48.28
8 48.28
8 48.62
8 50.66
8 50.68
8 51.02
8 51.17
8 51.21
8 51.26
8 51.27
8 51.29
8 51.33
8 51.50
8 51.65
8 51.67
9 49.63
9 50.74
9 53.86
9 54.01
9 57.45
9 61.80
10 61.07
10 65.91
11 75.13
11 76.18
11 76.39
11 76.39
11 76.54
11 80.68
11 80.78
11 81.31
11 82.89
11 82.98
12 88.19
12 88.50
12 88.90
12 90.99
12 91.05
12 91.18
12 91.50
12 91.51
12 91.60
12 91.83
12 96.49
12 96.67
12 97.20
12 98.29
12 98.34
12 98.52
12 98.54
12 99.23
12 99.32
12 99.58
13 107.91
13 110.22
13 110.64
13 110.73
13 111.31
13 117.73
13 118.07
13 118.19
13 119.02
13 119.07
14 133.90
14 134.42
14 142.45
14 145.55
15 154.77
15 159.83
15 160.60
15 161.06
15 173.72
15 174.59
15 174.62
15 175.37
16 191.93
16 195.28
16 195.37
16 197.06
16 198.02
16 198.05
16 198.21
16 198.77
16 205.90
16 207.76
16 211.81
16 212.91
16 213.11
16 214.09
16 214.55
16 214.77
17 219.29
17 249.06
