2 12.13
3 13.15
3 13.18
3 13.32
3 13.34
3 13.39
3 13.39
3 13.40
3 13.40
3 13.40
3 13.41
3 13.41
3 13.42
3 13.43
3 13.43
3 13.44
3 13.50
3 13.51
3 13.89
4 15.49
4 16.75
4 16.84
4 16.85
4 16.87
4 16.87
4 16.89
4 16.90
4 16.91
4 16.91
4 16.91
4 16.92
4 16.93
4 16.93
4 16.95
4 16.96
4 16.96
4 16.97
4 16.98
4 16.99
4 16.99
4 16.99
4 17.00
4 17.00
4 17.07
5 35.77
5 36.55
5 36.66
5 36.67
5 36.69
5 36.70
5 36.79
5 36.81
5 36.82
5 38.97
5 39.07
5 39.31
6 276.71
6 278.12
6 278.29
6 279.40
6 279.41
6 279.67
6 279.94
6 280.59
6 281.28
6 281.82
6 289.99
6 290.43
6 290.50
6 290.83
6 291.12
6 291.38
6 291.89
6 292.51
6 297.50
6 297.72
6 298.40
6 298.49
6 299.64
6 299.88
7 3316.15
7 3333.81
7 3356.83
7 3384.66
7 3385.27
7 3391.92
7 3400.56
7 3401.69
7 3419.25
7 3421.85
7 3431.03
7 3535.92
7 3539.70
7 3543.86
7 3553.85
7 3555.74
7 3559.26
7 3562.93
8 40718.27
8 40846.98
8 41085.89
8 41310.92
8 41426.73
8 41940.04
8 42004.78
8 42015.43
8 42051.25
8 42202.07
8 42414.13
8 42502.71
8 42524.91
8 43180.91
8 43334.16
8 43342.58
8 43410.85
8 43917.41
8 45035.79
8 45062.25
8 45086.93
8 45453.94
8 45489.46
8 45651.73
8 45671.70
9 424535.65
9 468581.77
9 472734.85
