2 896816
3 1443648
3 1445592
3 1447432
3 1447672
3 1447844
3 1451024
3 1451212
3 1451480
3 1452360
3 1453872
3 1455468
3 1456052
3 1457240
3 1457320
3 1458032
3 1460340
3 1460492
3 1461028
4 2588344
4 2598268
4 2606908
4 2610148
4 2612700
4 2614048
4 2614068
4 2671900
4 2673072
4 2674024
4 2679268
4 2681100
4 2683380
4 2684008
4 2684160
4 2684280
4 2685492
4 2685760
4 2686616
4 2689628
4 2695288
4 2695772
4 2695872
4 2698848
4 2703424
5 5200336
5 5236364
5 5237516
5 5255416
5 5255480
5 5255712
5 5256120
5 5261600
5 5299416
5 5303980
5 5305704
5 5363924
6 10196648
6 10202864
6 10203848
6 10208428
6 10208996
6 10243340
6 10244164
6 10244600
6 10244840
6 10254580
6 10257512
6 10264400
6 10271968
6 10272780
6 10275164
6 10280868
6 10303252
6 10318744
6 10319648
6 10321116
6 10322528
6 10338072
6 10339984
6 10346452
7 18990852
7 19002384
7 19007756
7 19052752
7 19183064
7 19264932
7 19294252
7 19296248
7 19311808
7 19313044
7 19319152
7 19324436
7 19326576
7 19390552
7 19404856
7 19407872
7 19441176
7 19446056
8 33516236
8 33697936
8 33749332
8 33847560
8 33861684
8 33897028
8 34150476
8 34195092
8 34200996
8 34205884
8 34212816
8 34221124
8 34250948
8 34256168
8 34271632
8 34360480
8 34385332
8 34392332
8 34521992
8 34523628
8 34569064
8 34815948
8 34865884
8 34991552
8 35052252
