2 896816
2 901956
3 1439908
3 1441420
3 1443648
3 1445592
3 1447328
3 1447432
3 1447672
3 1447844
3 1448420
3 1448464
3 1448668
3 1450376
3 1451024
3 1451200
3 1451212
3 1451480
3 1451560
3 1452360
3 1453872
3 1454336
3 1455468
3 1456052
3 1456604
3 1457240
3 1457320
3 1458032
3 1459344
3 1459476
3 1460340
3 1460492
3 1461028
3 1462472
3 1463780
3 1465536
3 1466148
3 1468492
4 2586580
4 2588344
4 2598268
4 2604736
4 2606908
4 2606912
4 2610148
4 2612700
4 2614048
4 2614068
4 2614120
4 2660136
4 2671900
4 2673072
4 2673908
4 2674024
4 2676700
4 2678252
4 2679268
4 2679892
4 2680316
4 2681100
4 2681268
4 2683380
4 2684008
4 2684160
4 2684280
4 2685056
4 2685180
4 2685492
4 2685720
4 2685760
4 2685876
4 2686004
4 2686264
4 2686588
4 2686616
4 2686884
4 2688596
4 2688884
4 2689628
4 2691840
4 2695288
4 2695772
4 2695872
4 2698148
4 2698848
4 2703424
4 2720100
4 2720304
5 5200336
5 5202000
5 5235052
5 5236364
5 5237516
5 5245560
5 5255416
5 5255480
5 5255712
5 5256120
5 5258312
5 5261600
5 5266224
5 5267972
5 5273128
5 5273500
5 5282104
5 5286832
5 5296440
5 5299416
5 5303980
5 5305704
5 5363924
5 5411452
6 10160664
6 10191092
6 10196648
6 10198812
6 10199268
6 10202864
6 10203384
6 10203848
6 10208428
6 10208996
6 10212660
6 10242524
6 10242900
6 10243272
6 10243340
6 10244164
6 10244572
6 10244600
6 10244840
6 10244968
6 10254580
6 10255952
6 10257512
6 10260540
6 10264400
6 10264884
6 10266104
6 10266484
6 10266644
6 10271968
6 10272780
6 10274244
6 10275164
6 10277772
6 10280868
6 10299560
6 10303252
6 10304020
6 10318744
6 10319648
6 10320856
6 10321116
6 10322528
6 10329352
6 10338072
6 10339984
6 10341684
6 10346452
7 18863332
7 18904348
7 18990852
7 19002384
7 19007756
7 19052752
7 19183064
7 19190524
7 19198700
7 19227940
7 19247880
7 19258256
7 19264932
7 19273436
7 19294252
7 19295516
7 19296248
7 19299828
7 19306440
7 19311808
7 19313044
7 19319152
7 19323604
7 19324140
7 19324436
7 19326260
7 19326576
7 19385280
7 19390552
7 19402280
7 19404856
7 19407872
7 19441176
7 19446056
7 19497900
7 19557216
8 33516236
8 33697936
8 33712184
8 33738160
8 33746728
8 33749332
8 33805996
8 33826316
8 33847560
8 33857312
8 33861684
8 33862008
8 33896348
8 33897028
8 33912200
8 33921460
8 33973624
8 34008704
8 34025484
8 34035828
8 34078528
8 34141768
8 34150476
8 34164100
8 34195092
8 34200996
8 34205884
8 34206292
8 34212816
8 34221124
8 34223080
8 34228764
8 34229284
8 34250948
8 34256168
8 34271632
8 34286408
8 34360480
8 34368248
8 34374652
8 34385332
8 34392332
8 34416932
8 34521992
8 34523628
8 34569064
8 34815948
8 34865884
8 34991552
8 35052252
