3 0.25
3 0.27
3 0.27
3 0.28
3 0.28
3 0.29
3 0.30
3 0.30
3 0.30
3 0.30
3 0.30
3 0.30
3 0.31
3 0.31
3 0.31
3 0.31
3 0.31
3 0.31
3 0.32
3 0.32
3 0.33
3 0.33
3 0.33
3 0.33
3 0.34
3 0.34
3 0.34
3 0.35
3 0.38
3 0.46
4 0.25
4 0.27
4 0.27
4 0.27
4 0.28
4 0.29
4 0.29
4 0.30
4 0.30
4 0.30
4 0.30
4 0.30
4 0.30
4 0.30
4 0.31
4 0.31
4 0.31
4 0.32
4 0.32
4 0.32
4 0.32
4 0.32
4 0.33
4 0.33
4 0.33
4 0.33
4 0.33
4 0.33
4 0.33
4 0.33
4 0.33
4 0.33
4 0.34
4 0.34
4 0.34
4 0.34
4 0.34
4 0.34
4 0.35
4 0.35
4 0.35
4 0.35
4 0.35
4 0.36
4 0.36
4 0.36
4 0.36
4 0.37
4 0.37
4 0.37
4 0.37
4 0.37
4 0.38
4 0.38
4 0.38
4 0.38
4 0.38
4 0.41
4 0.41
4 0.41
5 0.29
5 0.30
5 0.31
5 0.31
5 0.31
5 0.32
5 0.32
5 0.32
5 0.33
5 0.33
5 0.34
5 0.34
5 0.34
5 0.34
5 0.34
5 0.34
5 0.34
5 0.34
5 0.34
5 0.34
5 0.34
5 0.35
5 0.35
5 0.35
5 0.35
5 0.35
5 0.35
5 0.35
5 0.35
5 0.36
5 0.36
5 0.36
5 0.36
5 0.36
5 0.36
5 0.36
5 0.36
5 0.37
5 0.37
5 0.37
5 0.37
5 0.37
5 0.37
5 0.37
5 0.38
5 0.38
5 0.38
5 0.38
5 0.38
5 0.38
5 0.38
5 0.39
5 0.39
5 0.41
5 0.42
5 0.54
6 0.31
6 0.32
6 0.32
6 0.33
6 0.34
6 0.34
6 0.34
6 0.35
6 0.36
6 0.36
6 0.36
6 0.36
6 0.37
6 0.37
6 0.37
6 0.37
6 0.37
6 0.37
6 0.38
6 0.38
6 0.38
6 0.38
6 0.39
6 0.39
6 0.39
6 0.39
6 0.39
6 0.39
6 0.39
6 0.40
6 0.40
6 0.41
6 0.41
6 0.41
6 0.42
6 0.42
6 0.42
6 0.43
6 0.43
6 0.44
6 0.45
6 0.45
6 0.45
6 0.45
6 0.46
6 0.47
6 0.50
6 0.52
6 0.63
6 0.65
7 0.37
7 0.37
7 0.37
7 0.38
7 0.38
7 0.38
7 0.39
7 0.39
7 0.39
7 0.39
7 0.39
7 0.40
7 0.40
7 0.40
7 0.40
7 0.41
7 0.41
7 0.41
7 0.41
7 0.41
7 0.41
7 0.41
7 0.42
7 0.42
7 0.42
7 0.42
7 0.42
7 0.42
7 0.42
7 0.43
7 0.43
7 0.43
7 0.43
7 0.44
7 0.44
7 0.45
7 0.45
7 0.45
7 0.45
7 0.45
7 0.45
7 0.46
7 0.46
7 0.46
7 0.47
7 0.47
7 0.48
7 0.49
7 0.49
7 0.49
7 0.49
7 0.49
7 0.51
7 0.51
7 0.54
7 0.54
8 0.38
8 0.40
8 0.40
8 0.41
8 0.41
8 0.41
8 0.41
8 0.42
8 0.42
8 0.42
8 0.43
8 0.43
8 0.43
8 0.43
8 0.43
8 0.43
8 0.44
8 0.44
8 0.44
8 0.44
8 0.45
8 0.45
8 0.45
8 0.45
8 0.46
8 0.46
8 0.46
8 0.47
8 0.47
8 0.47
8 0.47
8 0.48
8 0.48
8 0.48
8 0.48
8 0.48
8 0.48
8 0.48
8 0.48
8 0.49
8 0.49
8 0.49
8 0.50
8 0.50
8 0.50
8 0.50
8 0.51
8 0.52
8 0.52
8 0.52
8 0.53
8 0.53
8 0.57
8 0.57
8 0.59
8 0.66
8 0.76
8 0.80
8 0.81
8 0.84
8 0.86
8 0.90
8 0.91
8 0.91
8 0.92
8 1.12
9 0.44
9 0.46
9 0.47
9 0.47
9 0.48
9 0.48
9 0.49
9 0.49
9 0.50
9 0.50
9 0.50
9 0.50
9 0.50
9 0.50
9 0.51
9 0.51
9 0.52
9 0.52
9 0.53
9 0.53
9 0.54
9 0.54
9 0.54
9 0.54
9 0.54
9 0.55
9 0.55
9 0.55
9 0.55
9 0.55
9 0.56
9 0.56
9 0.56
9 0.57
9 0.57
9 0.58
9 0.58
9 0.58
9 0.59
9 0.60
9 0.62
9 0.63
9 0.63
9 0.65
9 0.68
9 0.80
10 0.52
10 0.52
10 0.54
10 0.55
10 0.56
10 0.56
10 0.56
10 0.57
10 0.57
10 0.57
10 0.58
10 0.59
10 0.59
10 0.59
10 0.59
10 0.59
10 0.60
10 0.61
10 0.61
10 0.61
10 0.61
10 0.62
10 0.62
10 0.62
10 0.62
10 0.62
10 0.63
10 0.63
10 0.63
10 0.63
10 0.65
10 0.66
10 0.68
10 0.72
10 0.78
10 0.90
10 1.05
10 1.08
10 1.13
10 1.17
10 1.21
10 1.21
10 1.25
10 1.26
11 0.56
11 0.59
11 0.60
11 0.63
11 0.64
11 0.66
11 0.67
11 0.67
11 0.67
11 0.68
11 0.68
11 0.69
11 0.69
11 0.70
11 0.71
11 0.74
11 0.76
11 0.82
12 0.63
12 0.69
12 0.70
12 0.71
12 0.72
12 0.74
12 0.75
12 0.76
12 0.76
12 0.77
12 0.81
12 0.82
12 0.83
12 0.83
12 1.58
12 1.62
13 0.75
13 0.76
13 0.76
13 0.79
13 0.80
13 0.81
13 0.84
13 0.85
13 0.86
13 0.89
13 0.97
13 1.03
14 0.88
14 0.96
14 1.00
14 1.06
14 2.17
14 2.20
15 0.92
15 1.00
15 1.06
15 1.06
15 1.06
15 1.07
15 1.10
15 1.15
16 1.02
16 1.05
16 1.06
16 1.06
16 1.07
16 1.08
16 1.10
16 1.12
16 1.13
16 1.14
16 1.15
16 1.15
16 1.15
16 1.15
16 1.17
16 1.20
16 1.23
16 1.25
16 2.97
16 2.97
16 3.07
16 3.15
17 1.10
17 1.16
17 1.20
17 1.21
17 1.25
17 1.25
17 1.26
17 1.26
17 1.27
17 1.28
17 1.28
17 1.30
17 1.34
17 1.34
17 1.36
17 1.36
17 1.40
17 1.61
18 1.27
18 1.28
18 1.34
18 1.34
18 1.41
18 1.42
18 1.43
18 1.47
18 1.47
18 1.49
18 3.63
18 3.72
18 3.85
18 3.87
18 3.92
18 3.97
18 4.03
18 4.14
19 1.51
19 1.53
19 1.53
19 1.54
19 1.55
19 1.56
19 1.60
19 1.72
20 1.64
20 1.65
20 1.75
20 1.78
20 1.80
20 1.84
20 1.97
20 2.53
20 4.44
20 4.77
20 7.14
20 7.85
21 1.91
21 1.94
22 2.08
22 2.57
23 2.19
23 2.52
23 2.52
23 2.79
24 2.59
24 2.59
24 2.65
24 3.00
25 3.07
25 3.49
