3 13.43
3 13.47
3 13.49
3 13.50
3 13.54
3 13.55
3 13.58
3 13.59
3 13.61
3 13.61
3 13.63
3 13.67
3 13.69
3 13.73
3 13.78
4 16.47
4 16.54
4 16.55
4 16.62
4 16.68
4 16.68
4 16.71
4 16.71
4 16.71
4 16.71
4 16.72
4 16.75
4 16.76
4 16.79
4 16.82
4 16.82
4 16.82
4 16.85
4 16.87
4 16.92
4 16.96
4 16.96
4 16.98
4 17.00
4 17.01
4 17.03
4 17.07
4 17.17
4 21.65
4 28.00
5 17.80
5 19.65
5 19.93
5 20.01
5 20.19
5 20.36
5 20.37
5 20.38
5 20.45
5 20.54
5 20.58
5 20.64
5 20.64
5 20.65
5 20.73
5 20.77
5 20.77
5 20.85
5 20.86
5 20.88
5 20.91
5 20.96
5 20.99
5 20.99
5 21.04
5 21.10
5 21.13
5 26.87
6 23.56
6 23.83
6 23.96
6 24.03
6 24.04
6 24.05
6 24.09
6 24.10
6 24.26
6 24.26
6 24.29
6 24.56
6 24.60
6 24.69
6 24.76
6 24.98
6 25.03
6 25.07
6 25.19
6 25.21
6 25.40
6 25.43
6 25.80
6 33.24
6 48.16
7 28.55
7 28.73
7 28.77
7 28.87
7 29.37
7 29.59
7 29.63
7 29.64
7 29.65
7 29.66
7 29.69
7 29.74
7 29.79
7 29.80
7 30.23
7 30.36
7 30.42
7 30.48
7 31.04
7 31.06
7 31.13
7 31.20
7 31.22
7 31.25
7 31.31
7 31.33
7 31.39
7 41.18
8 36.16
8 36.33
8 36.81
8 36.92
8 37.10
8 37.20
8 37.21
8 37.26
8 37.27
8 37.28
8 37.29
8 37.33
8 37.37
8 37.42
8 37.62
8 37.65
8 37.95
8 38.22
8 38.87
8 38.96
8 38.97
8 39.01
8 39.05
8 39.07
8 39.09
8 39.18
8 39.28
8 39.29
8 75.86
8 76.80
8 77.02
8 77.46
8 78.47
9 42.72
9 44.14
9 44.15
9 44.31
9 44.36
9 45.00
9 45.16
9 45.22
9 45.35
9 45.47
9 45.49
9 45.52
9 45.60
9 45.78
9 45.82
9 45.83
9 45.84
9 46.25
9 46.91
9 47.14
9 47.51
9 47.70
9 58.52
10 114.51
10 115.11
10 117.78
10 120.35
10 47.59
10 50.27
10 51.89
10 52.10
10 52.11
10 53.24
10 53.35
10 53.58
10 53.72
10 53.74
10 53.86
10 56.08
10 56.11
10 56.55
10 56.62
10 56.72
10 56.98
10 76.37
11 64.52
11 64.57
11 64.66
11 66.61
11 66.72
11 67.02
11 67.72
11 69.66
11 69.72
12 107.78
12 171.36
12 76.81
12 79.05
12 79.06
12 79.06
12 79.10
12 79.48
13 126.65
13 88.87
13 89.01
13 89.36
13 91.66
13 92.67
14 104.27
14 111.38
14 248.46
15 122.02
15 126.87
15 127.34
15 127.59
16 149.51
16 150.28
16 150.44
16 155.19
16 155.35
16 155.47
16 155.52
16 155.53
16 155.58
16 363.50
16 371.55
17 168.78
17 169.72
17 175.80
17 175.87
17 175.94
17 176.35
17 176.36
17 176.66
17 177.47
18 201.35
18 210.76
18 211.17
18 212.58
18 212.64
18 485.75
18 494.49
18 496.16
18 501.93
19 238.21
19 238.46
19 241.03
19 241.06
20 274.99
20 275.04
20 275.09
20 276.74
20 740.64
20 773.46
21 327.49
22 378.02
23 438.38
23 439.17
24 522.46
24 525.34
25 725.88
