3 0.24
3 0.25
3 0.25
3 0.27
3 0.27
3 0.28
3 0.28
3 0.28
3 0.28
3 0.28
3 0.28
3 0.28
3 0.28
3 0.28
3 0.28
3 0.29
3 0.29
3 0.29
3 0.29
3 0.29
3 0.30
3 0.30
3 0.30
3 0.31
3 0.31
3 0.31
3 0.32
3 0.32
3 0.33
3 0.34
4 0.23
4 0.23
4 0.24
4 0.24
4 0.25
4 0.25
4 0.25
4 0.25
4 0.26
4 0.26
4 0.26
4 0.26
4 0.27
4 0.27
4 0.27
4 0.27
4 0.27
4 0.27
4 0.27
4 0.27
4 0.27
4 0.28
4 0.28
4 0.28
4 0.28
4 0.29
4 0.29
4 0.29
4 0.29
4 0.29
4 0.29
4 0.29
4 0.29
4 0.29
4 0.29
4 0.30
4 0.30
4 0.30
4 0.30
4 0.30
4 0.30
4 0.30
4 0.30
4 0.31
4 0.31
4 0.31
4 0.31
4 0.31
4 0.31
4 0.32
4 0.32
4 0.32
4 0.33
4 0.33
4 0.33
4 0.33
4 0.33
4 0.33
4 0.33
4 0.34
5 0.23
5 0.24
5 0.24
5 0.25
5 0.27
5 0.27
5 0.27
5 0.28
5 0.28
5 0.28
5 0.28
5 0.28
5 0.28
5 0.28
5 0.28
5 0.28
5 0.29
5 0.29
5 0.29
5 0.29
5 0.29
5 0.29
5 0.29
5 0.29
5 0.29
5 0.29
5 0.30
5 0.30
5 0.30
5 0.30
5 0.31
5 0.31
5 0.31
5 0.31
5 0.31
5 0.31
5 0.31
5 0.31
5 0.32
5 0.32
5 0.32
5 0.32
5 0.32
5 0.32
5 0.32
5 0.32
5 0.32
5 0.32
5 0.32
5 0.33
5 0.33
5 0.33
5 0.33
5 0.33
5 0.34
5 0.35
5 0.35
5 0.36
6 0.26
6 0.26
6 0.26
6 0.27
6 0.27
6 0.27
6 0.27
6 0.28
6 0.28
6 0.28
6 0.29
6 0.29
6 0.29
6 0.29
6 0.29
6 0.30
6 0.30
6 0.30
6 0.30
6 0.30
6 0.30
6 0.31
6 0.31
6 0.31
6 0.31
6 0.31
6 0.32
6 0.32
6 0.32
6 0.32
6 0.32
6 0.32
6 0.32
6 0.32
6 0.33
6 0.33
6 0.33
6 0.33
6 0.33
6 0.33
6 0.33
6 0.34
6 0.34
6 0.34
6 0.34
6 0.34
6 0.35
6 0.35
6 0.35
6 0.37
7 0.26
7 0.26
7 0.28
7 0.28
7 0.29
7 0.29
7 0.29
7 0.29
7 0.29
7 0.30
7 0.30
7 0.30
7 0.30
7 0.30
7 0.30
7 0.30
7 0.30
7 0.30
7 0.30
7 0.31
7 0.31
7 0.31
7 0.31
7 0.31
7 0.31
7 0.32
7 0.32
7 0.32
7 0.32
7 0.32
7 0.32
7 0.32
7 0.32
7 0.32
7 0.32
7 0.32
7 0.32
7 0.32
7 0.32
7 0.32
7 0.33
7 0.34
7 0.34
7 0.34
7 0.34
7 0.34
7 0.34
7 0.34
7 0.34
7 0.35
7 0.35
7 0.35
7 0.36
7 0.36
7 0.37
7 0.37
7 0.37
7 0.39
8 0.24
8 0.26
8 0.26
8 0.28
8 0.28
8 0.28
8 0.28
8 0.28
8 0.29
8 0.29
8 0.30
8 0.30
8 0.30
8 0.30
8 0.30
8 0.30
8 0.30
8 0.30
8 0.31
8 0.31
8 0.31
8 0.31
8 0.31
8 0.31
8 0.31
8 0.31
8 0.31
8 0.31
8 0.31
8 0.31
8 0.32
8 0.32
8 0.32
8 0.33
8 0.33
8 0.33
8 0.33
8 0.33
8 0.33
8 0.33
8 0.33
8 0.33
8 0.34
8 0.34
8 0.34
8 0.34
8 0.34
8 0.35
8 0.35
8 0.35
8 0.35
8 0.35
8 0.36
8 0.36
8 0.36
8 0.36
8 0.37
8 0.37
8 0.37
8 0.37
8 0.38
8 0.38
8 0.38
8 0.38
8 0.40
8 0.40
9 0.27
9 0.28
9 0.29
9 0.30
9 0.30
9 0.30
9 0.30
9 0.31
9 0.31
9 0.32
9 0.32
9 0.32
9 0.33
9 0.33
9 0.33
9 0.33
9 0.33
9 0.33
9 0.34
9 0.34
9 0.34
9 0.34
9 0.34
9 0.34
9 0.34
9 0.34
9 0.35
9 0.35
9 0.35
9 0.35
9 0.36
9 0.36
9 0.36
9 0.37
9 0.37
9 0.37
9 0.38
9 0.38
9 0.38
9 0.38
9 0.38
9 0.39
9 0.39
9 0.39
9 0.41
9 0.43
9 0.48
9 0.56
10 0.28
10 0.31
10 0.31
10 0.31
10 0.32
10 0.32
10 0.32
10 0.32
10 0.33
10 0.33
10 0.33
10 0.33
10 0.33
10 0.33
10 0.33
10 0.34
10 0.34
10 0.34
10 0.34
10 0.34
10 0.35
10 0.35
10 0.35
10 0.35
10 0.36
10 0.36
10 0.36
10 0.36
10 0.36
10 0.37
10 0.37
10 0.37
10 0.37
10 0.37
10 0.37
10 0.38
10 0.38
10 0.38
10 0.38
10 0.39
10 0.40
10 0.41
10 0.41
10 0.59
11 0.30
11 0.31
11 0.32
11 0.34
11 0.34
11 0.35
11 0.36
11 0.37
11 0.38
11 0.38
11 0.38
11 0.38
11 0.38
11 0.39
11 0.39
11 0.39
11 0.42
11 0.42
12 0.31
12 0.34
12 0.34
12 0.34
12 0.34
12 0.36
12 0.38
12 0.38
12 0.38
12 0.38
12 0.39
12 0.40
12 0.40
12 0.41
12 0.41
12 0.42
13 0.34
13 0.35
13 0.35
13 0.36
13 0.37
13 0.38
13 0.38
13 0.39
13 0.39
13 0.41
13 0.42
13 0.42
14 0.35
14 0.37
14 0.39
14 0.42
14 0.42
14 0.42
15 0.39
15 0.40
15 0.40
15 0.41
15 0.41
15 0.42
15 0.44
15 0.45
16 0.37
16 0.39
16 0.39
16 0.41
16 0.41
16 0.41
16 0.42
16 0.43
16 0.43
16 0.43
16 0.43
16 0.43
16 0.44
16 0.44
16 0.45
16 0.45
16 0.45
16 0.47
16 0.47
16 0.47
16 0.49
16 0.51
17 0.37
17 0.43
17 0.43
17 0.43
17 0.44
17 0.45
17 0.46
17 0.47
17 0.47
17 0.47
17 0.47
17 0.48
17 0.48
17 0.49
17 0.51
17 0.51
17 0.52
17 0.53
18 0.38
18 0.41
18 0.42
18 0.44
18 0.44
18 0.44
18 0.44
18 0.45
18 0.46
18 0.47
18 0.48
18 0.50
18 0.50
18 0.51
18 0.52
18 0.52
18 0.53
18 0.56
19 0.48
19 0.52
19 0.54
19 0.54
19 0.55
19 0.56
19 0.58
19 0.59
20 0.45
20 0.50
20 0.52
20 0.53
20 0.54
20 0.55
20 0.55
20 0.56
20 0.56
20 0.56
20 0.57
20 0.62
21 0.49
21 0.61
22 0.52
22 0.56
23 0.58
23 0.63
23 0.66
23 0.74
24 0.65
24 0.74
24 0.74
24 0.75
25 0.64
25 1.29
