3 10.95
3 11.08
3 11.09
3 11.10
3 11.10
3 11.13
3 11.13
3 11.14
3 11.15
3 11.17
3 11.18
3 11.22
3 11.26
3 11.26
3 11.28
4 11.97
4 12.03
4 12.08
4 12.12
4 12.14
4 12.15
4 12.15
4 12.16
4 12.16
4 12.16
4 12.19
4 12.19
4 12.22
4 12.24
4 12.24
4 12.24
4 12.26
4 12.29
4 12.31
4 12.32
4 12.39
4 12.40
4 12.42
4 12.44
4 12.46
4 12.51
4 12.51
4 12.56
4 12.56
4 12.59
5 13.04
5 13.09
5 13.16
5 13.54
5 13.55
5 13.57
5 13.59
5 13.61
5 13.62
5 13.62
5 13.62
5 13.63
5 13.64
5 13.65
5 13.65
5 13.65
5 13.70
5 13.71
5 13.73
5 13.74
5 13.76
5 13.77
5 13.81
5 13.83
5 13.86
5 13.87
5 13.91
5 13.93
5 14.10
6 14.05
6 14.24
6 14.33
6 14.48
6 14.48
6 14.48
6 14.53
6 14.54
6 14.57
6 14.59
6 14.67
6 14.85
6 14.85
6 14.85
6 15.05
6 15.23
6 15.28
6 15.30
6 15.32
6 15.38
6 15.39
6 15.53
6 15.57
6 15.62
6 15.72
7 15.85
7 16.03
7 16.06
7 16.13
7 16.14
7 16.17
7 16.18
7 16.19
7 16.19
7 16.24
7 16.24
7 16.63
7 16.69
7 17.18
7 17.33
7 17.36
7 17.42
7 17.45
7 17.52
7 17.54
7 17.62
7 17.72
7 17.74
7 17.83
7 17.84
7 17.84
7 17.88
7 17.90
7 17.91
8 17.85
8 17.87
8 17.97
8 18.12
8 18.32
8 18.34
8 18.51
8 18.52
8 18.53
8 18.54
8 18.55
8 18.55
8 18.56
8 18.60
8 18.67
8 19.43
8 19.48
8 19.56
8 19.72
8 19.86
8 19.87
8 19.89
8 19.90
8 19.91
8 19.93
8 19.93
8 19.94
8 19.95
8 20.02
8 20.06
8 20.15
8 20.30
8 20.38
9 20.00
9 20.04
9 20.29
9 20.61
9 20.68
9 20.69
9 20.69
9 20.83
9 20.86
9 20.86
9 20.91
9 20.92
9 20.97
9 21.01
9 21.11
9 21.95
9 22.22
9 22.32
9 22.42
9 22.51
9 22.73
9 22.74
9 22.76
9 22.82
10 22.49
10 22.81
10 22.87
10 23.14
10 23.37
10 23.38
10 23.41
10 23.42
10 23.54
10 23.56
10 23.65
10 23.94
10 24.46
10 24.71
10 25.04
10 25.32
10 25.37
10 25.54
10 25.56
10 25.61
10 25.63
10 25.81
11 25.80
11 26.26
11 26.29
11 26.47
11 26.54
11 26.72
11 27.93
11 27.96
11 28.82
12 29.01
12 29.13
12 29.15
12 29.20
12 29.21
12 29.29
12 29.35
12 29.65
13 31.93
13 32.59
13 32.67
13 33.10
13 33.36
13 33.39
14 37.31
14 37.41
14 37.49
15 41.23
15 42.18
15 43.16
15 43.50
16 47.49
16 48.46
16 48.67
16 48.89
16 48.90
16 48.97
16 49.05
16 49.08
16 49.16
16 49.53
16 49.56
17 54.13
17 55.39
17 55.48
17 55.57
17 55.71
17 55.74
17 55.89
17 56.22
17 56.27
18 60.74
18 60.91
18 61.61
18 62.00
18 62.12
18 62.64
18 62.73
18 63.52
18 64.49
19 69.90
19 70.79
19 72.97
19 73.10
20 82.63
20 83.12
20 84.37
20 85.19
20 85.45
20 85.47
21 106.70
22 132.09
23 184.69
23 185.93
24 272.13
24 272.26
25 485.77
