3 11.78
3 11.93
3 11.94
3 11.95
3 11.99
3 11.99
3 12.01
3 12.01
3 12.01
3 12.01
3 12.02
3 12.03
3 12.05
3 12.05
3 12.08
4 12.81
4 13.05
4 13.17
4 13.19
4 13.24
4 13.24
4 13.26
4 13.27
4 13.28
4 13.32
4 13.36
4 13.38
4 13.41
4 13.41
4 13.43
4 13.43
4 13.46
4 13.47
4 13.47
4 13.47
4 13.48
4 13.50
4 13.54
4 13.54
4 13.58
4 13.58
4 13.58
4 13.60
4 17.08
4 17.16
5 14.16
5 14.53
5 14.54
5 14.60
5 14.61
5 14.79
5 14.81
5 14.88
5 14.89
5 14.92
5 14.92
5 14.93
5 14.95
5 14.99
5 15.02
5 15.05
5 15.20
5 15.23
5 15.28
5 15.29
5 15.30
5 15.31
5 15.32
5 15.43
5 15.45
5 15.48
5 15.54
5 19.05
5 19.25
6 16.34
6 16.55
6 16.57
6 16.58
6 16.61
6 16.65
6 16.65
6 16.67
6 16.70
6 16.73
6 16.78
6 16.85
6 16.90
6 17.04
6 17.15
6 17.15
6 17.16
6 17.18
6 17.21
6 17.30
6 17.44
6 17.49
6 17.57
6 20.44
6 21.30
7 18.13
7 18.34
7 18.35
7 18.63
7 18.65
7 18.65
7 18.66
7 18.70
7 18.78
7 18.79
7 18.83
7 18.84
7 18.85
7 19.05
7 19.32
7 19.35
7 19.38
7 19.41
7 19.42
7 19.60
7 19.68
7 19.70
7 19.89
7 19.90
7 19.93
7 19.93
7 19.94
7 22.68
7 24.50
8 21.13
8 21.15
8 21.18
8 21.20
8 21.20
8 21.23
8 21.29
8 21.32
8 21.35
8 21.36
8 21.41
8 21.42
8 21.43
8 21.46
8 21.66
8 21.72
8 21.88
8 21.92
8 21.98
8 22.21
8 22.24
8 22.24
8 22.33
8 22.34
8 22.37
8 22.43
8 22.50
8 22.59
8 26.15
8 26.42
8 26.93
8 27.59
8 27.64
9 23.08
9 23.16
9 23.18
9 23.24
9 23.42
9 23.45
9 23.51
9 23.51
9 23.56
9 23.58
9 23.59
9 23.62
9 23.72
9 24.13
9 24.42
9 24.87
9 24.89
9 24.97
9 25.18
9 25.31
9 25.35
9 25.40
9 29.41
9 31.64
10 25.84
10 25.87
10 25.92
10 25.99
10 26.57
10 26.70
10 26.79
10 26.89
10 26.97
10 27.25
10 27.33
10 27.40
10 28.16
10 28.25
10 28.28
10 28.48
10 28.51
10 33.80
10 33.91
10 34.45
10 35.62
10 35.72
11 29.32
11 29.53
11 30.37
11 30.52
11 31.11
11 31.11
11 31.98
11 32.61
11 32.89
12 33.99
12 35.11
12 35.12
12 35.21
12 35.24
12 35.38
12 41.78
12 42.36
13 38.22
13 39.70
13 39.77
13 39.86
13 40.01
13 46.96
14 43.57
14 43.74
14 54.90
15 47.49
15 48.99
15 49.06
15 49.19
16 55.21
16 55.22
16 55.54
16 57.04
16 57.33
16 57.51
16 57.60
16 57.69
16 57.77
16 70.77
16 71.50
17 61.12
17 61.50
17 61.76
17 63.00
17 63.48
17 63.74
17 63.88
17 64.01
17 64.44
18 71.39
18 72.20
18 74.29
18 74.35
18 74.63
18 83.55
18 84.25
18 86.13
18 86.58
19 78.11
19 81.54
19 81.81
19 82.50
20 103.73
20 105.78
20 89.70
20 91.73
20 93.83
20 94.49
21 104.38
22 118.68
23 141.71
23 142.23
24 170.51
24 172.23
25 223.53
