3 10.14
3 10.19
3 10.40
3 10.42
3 10.44
3 10.45
3 10.46
3 10.47
3 10.47
3 10.49
3 10.50
3 10.50
3 10.52
3 10.57
3 10.62
4 11.20
4 11.20
4 11.23
4 11.24
4 11.25
4 11.25
4 11.26
4 11.26
4 11.26
4 11.27
4 11.27
4 11.28
4 11.31
4 11.32
4 11.34
4 11.39
4 11.39
4 11.40
4 11.41
4 11.46
4 11.46
4 11.47
4 11.51
4 11.51
4 11.52
4 11.53
4 11.53
4 11.54
4 11.55
4 11.56
5 12.07
5 12.09
5 12.12
5 12.32
5 12.34
5 12.37
5 12.39
5 12.39
5 12.40
5 12.41
5 12.42
5 12.42
5 12.45
5 12.46
5 12.48
5 12.48
5 12.50
5 12.50
5 12.51
5 12.51
5 12.52
5 12.56
5 12.58
5 12.58
5 12.61
5 12.64
5 12.65
5 12.66
5 12.66
5 12.79
5 12.80
6 13.15
6 13.16
6 13.16
6 13.17
6 13.24
6 13.28
6 13.30
6 13.36
6 13.38
6 13.38
6 13.68
6 13.73
6 13.74
6 13.75
6 13.77
6 13.80
6 13.80
6 13.80
6 13.88
6 13.93
6 13.93
6 13.98
6 14.05
6 14.07
6 14.09
6 14.10
6 14.26
7 14.23
7 14.27
7 14.33
7 14.38
7 14.52
7 14.62
7 14.62
7 14.65
7 14.67
7 14.68
7 14.71
7 14.77
7 14.77
7 15.10
7 15.13
7 15.19
7 15.20
7 15.30
7 15.33
7 15.41
7 15.46
7 15.53
7 15.59
7 15.70
7 15.73
7 15.76
7 15.78
7 15.80
7 15.84
8 15.87
8 16.00
8 16.01
8 16.25
8 16.30
8 16.34
8 16.34
8 16.36
8 16.40
8 16.41
8 16.44
8 16.48
8 16.49
8 16.50
8 16.55
8 17.36
8 17.46
8 17.58
8 17.66
8 17.68
8 17.69
8 17.71
8 17.71
8 17.80
8 17.80
8 17.82
8 17.86
8 17.87
8 17.92
8 17.92
8 17.94
8 18.00
8 18.08
9 18.03
9 18.05
9 18.06
9 18.06
9 18.07
9 18.19
9 18.30
9 18.52
9 18.53
9 18.56
9 18.60
9 18.72
9 18.82
9 18.96
9 19.12
9 19.56
9 19.74
9 19.81
9 19.83
9 19.98
9 20.11
9 20.24
9 20.24
9 20.26
9 20.41
10 20.40
10 20.53
10 20.62
10 20.82
10 20.85
10 20.86
10 20.91
10 20.98
10 21.10
10 21.14
10 21.19
10 21.23
10 21.67
10 21.70
10 22.23
10 22.40
10 22.47
10 22.54
10 22.68
10 22.75
10 22.77
10 22.78
10 22.82
10 22.85
11 22.94
11 23.08
11 23.10
11 23.55
11 23.79
11 23.81
11 23.81
11 23.86
11 25.06
11 25.47
11 25.58
12 26.37
12 26.38
12 26.59
12 26.65
12 26.66
12 26.84
12 26.99
12 27.06
12 27.13
13 29.19
13 29.71
13 29.81
13 30.14
13 30.27
13 30.63
14 32.92
14 33.28
14 33.75
15 37.42
15 38.10
15 38.34
15 38.50
16 42.16
16 43.26
16 43.37
16 43.40
16 43.57
16 43.59
16 43.61
16 43.68
16 43.92
16 44.18
16 44.61
17 49.41
17 50.40
17 50.43
17 50.45
17 50.61
17 50.82
17 50.93
17 51.31
17 51.56
18 56.68
18 58.03
18 58.32
18 58.67
18 58.73
18 58.97
18 59.11
18 59.16
18 59.27
18 59.42
19 66.71
19 66.80
19 67.02
19 67.71
19 67.81
20 77.94
20 78.12
20 78.35
20 79.28
20 79.51
20 79.73
21 97.86
22 127.94
23 176.95
23 177.25
24 260.08
24 260.76
25 418.97
