3 10.65
3 10.76
3 10.79
3 10.80
3 10.80
3 10.81
3 10.83
3 10.85
3 10.86
3 10.88
3 10.90
3 10.91
3 10.97
3 10.97
3 10.98
4 11.67
4 11.77
4 11.82
4 11.83
4 11.83
4 11.83
4 11.84
4 11.85
4 11.87
4 11.88
4 11.89
4 11.90
4 11.92
4 11.94
4 11.94
4 11.96
4 11.97
4 11.98
4 11.99
4 12.05
4 12.07
4 12.10
4 12.10
4 12.16
4 12.18
4 12.18
4 12.19
4 12.21
4 12.23
4 12.32
5 12.72
5 12.78
5 12.86
5 13.22
5 13.22
5 13.27
5 13.27
5 13.29
5 13.29
5 13.30
5 13.31
5 13.32
5 13.32
5 13.34
5 13.35
5 13.36
5 13.40
5 13.41
5 13.42
5 13.46
5 13.47
5 13.48
5 13.48
5 13.49
5 13.51
5 13.59
5 13.61
5 13.63
5 13.81
6 13.73
6 13.91
6 13.99
6 14.14
6 14.15
6 14.19
6 14.19
6 14.20
6 14.23
6 14.30
6 14.32
6 14.54
6 14.57
6 14.58
6 14.74
6 14.93
6 14.94
6 14.95
6 15.01
6 15.05
6 15.09
6 15.19
6 15.25
6 15.29
6 15.38
7 15.53
7 15.72
7 15.73
7 15.81
7 15.81
7 15.82
7 15.84
7 15.86
7 15.87
7 15.94
7 15.97
7 16.30
7 16.37
7 16.84
7 16.89
7 17.01
7 17.07
7 17.14
7 17.22
7 17.24
7 17.31
7 17.37
7 17.38
7 17.48
7 17.49
7 17.49
7 17.51
7 17.55
7 17.57
8 17.53
8 17.53
8 17.68
8 17.83
8 17.96
8 18.02
8 18.18
8 18.21
8 18.21
8 18.22
8 18.22
8 18.23
8 18.25
8 18.26
8 18.29
8 19.08
8 19.20
8 19.27
8 19.35
8 19.46
8 19.51
8 19.54
8 19.55
8 19.56
8 19.59
8 19.59
8 19.61
8 19.63
8 19.68
8 19.77
8 19.83
8 19.96
8 20.02
9 19.66
9 19.67
9 19.90
9 20.27
9 20.35
9 20.36
9 20.39
9 20.44
9 20.52
9 20.54
9 20.54
9 20.59
9 20.64
9 20.65
9 20.79
9 21.56
9 21.89
9 21.98
9 22.06
9 22.12
9 22.30
9 22.42
9 22.45
9 22.45
10 22.09
10 22.47
10 22.54
10 22.82
10 22.97
10 22.99
10 23.06
10 23.08
10 23.16
10 23.20
10 23.26
10 23.60
10 24.13
10 24.40
10 24.66
10 24.67
10 25.00
10 25.16
10 25.21
10 25.24
10 25.26
10 25.46
11 25.41
11 25.83
11 25.94
11 26.10
11 26.17
11 26.31
11 27.54
11 27.62
11 28.40
12 28.62
12 28.76
12 28.79
12 28.80
12 28.84
12 28.91
12 28.97
12 29.29
13 31.51
13 32.23
13 32.31
13 32.71
13 32.96
13 33.01
14 36.94
14 36.98
14 37.02
15 40.77
15 41.72
15 42.76
15 43.08
16 47.05
16 48.03
16 48.23
16 48.44
16 48.44
16 48.50
16 48.60
16 48.65
16 48.68
16 49.03
16 49.08
17 53.61
17 54.94
17 54.97
17 55.13
17 55.22
17 55.25
17 55.50
17 55.67
17 55.73
18 60.29
18 60.43
18 61.16
18 61.46
18 61.59
18 62.19
18 62.31
18 63.13
18 63.96
19 69.32
19 70.25
19 72.30
19 72.52
20 82.05
20 82.49
20 83.80
20 84.64
20 84.89
20 84.91
21 105.95
22 131.37
23 184.08
23 185.18
24 271.46
24 271.50
25 473.36
