3 0.27
3 0.28
3 0.28
3 0.29
3 0.29
3 0.29
3 0.29
3 0.30
3 0.32
3 0.33
3 0.33
3 0.33
3 0.33
3 0.35
3 0.35
4 0.27
4 0.27
4 0.29
4 0.29
4 0.30
4 0.31
4 0.31
4 0.31
4 0.32
4 0.32
4 0.32
4 0.32
4 0.32
4 0.33
4 0.33
4 0.34
4 0.34
4 0.34
4 0.34
4 0.34
4 0.35
4 0.35
4 0.35
4 0.36
4 0.36
4 0.36
4 0.36
4 0.38
4 0.45
4 0.49
5 0.27
5 0.30
5 0.30
5 0.30
5 0.31
5 0.32
5 0.32
5 0.32
5 0.32
5 0.33
5 0.33
5 0.33
5 0.34
5 0.34
5 0.34
5 0.35
5 0.35
5 0.35
5 0.36
5 0.36
5 0.37
5 0.37
5 0.38
5 0.39
5 0.39
5 0.39
5 0.40
5 0.41
6 0.30
6 0.32
6 0.32
6 0.34
6 0.34
6 0.34
6 0.35
6 0.35
6 0.37
6 0.37
6 0.37
6 0.38
6 0.38
6 0.38
6 0.39
6 0.39
6 0.39
6 0.39
6 0.40
6 0.40
6 0.42
6 0.42
6 0.42
6 0.43
6 0.55
7 0.35
7 0.37
7 0.37
7 0.38
7 0.38
7 0.38
7 0.38
7 0.39
7 0.40
7 0.40
7 0.40
7 0.42
7 0.42
7 0.42
7 0.42
7 0.42
7 0.42
7 0.42
7 0.43
7 0.43
7 0.43
7 0.44
7 0.44
7 0.45
7 0.45
7 0.47
7 0.48
7 0.48
8 0.38
8 0.41
8 0.41
8 0.41
8 0.42
8 0.42
8 0.43
8 0.43
8 0.43
8 0.44
8 0.44
8 0.45
8 0.46
8 0.46
8 0.46
8 0.46
8 0.46
8 0.46
8 0.47
8 0.47
8 0.48
8 0.48
8 0.49
8 0.49
8 0.49
8 0.50
8 0.50
8 0.53
8 0.84
8 0.91
8 0.91
8 0.92
8 0.95
9 0.46
9 0.46
9 0.46
9 0.47
9 0.47
9 0.47
9 0.47
9 0.47
9 0.48
9 0.48
9 0.48
9 0.49
9 0.49
9 0.49
9 0.50
9 0.51
9 0.51
9 0.51
9 0.52
9 0.52
9 0.53
9 0.59
9 0.63
10 0.46
10 0.52
10 0.52
10 0.53
10 0.53
10 0.53
10 0.55
10 0.56
10 0.57
10 0.58
10 0.59
10 0.60
10 0.61
10 0.62
10 0.62
10 0.63
10 0.67
10 0.72
10 1.10
10 1.11
10 1.14
10 1.15
11 0.59
11 0.59
11 0.61
11 0.64
11 0.65
11 0.66
11 0.67
11 0.68
11 0.70
12 0.68
12 0.68
12 0.70
12 0.71
12 0.79
12 0.79
12 0.80
12 1.33
13 0.65
13 0.75
13 0.79
13 0.83
13 0.83
13 1.01
14 0.91
14 0.96
14 2.26
15 0.99
15 1.00
15 1.04
15 1.21
16 1.00
16 1.04
16 1.06
16 1.09
16 1.13
16 1.13
16 1.20
16 1.23
16 1.26
16 2.79
16 2.95
17 1.14
17 1.17
17 1.18
17 1.21
17 1.22
17 1.24
17 1.25
17 1.30
17 1.43
18 1.33
18 1.33
18 1.37
18 1.40
18 1.58
18 3.61
18 3.64
18 3.69
18 3.92
19 1.43
19 1.46
19 1.48
19 1.55
20 1.57
20 1.63
20 1.74
20 1.76
20 6.48
20 8.03
21 1.95
22 2.31
23 2.42
23 2.45
24 2.45
24 2.67
25 3.83
