3 14.19
3 14.27
3 14.40
3 14.41
3 14.42
3 14.44
3 14.45
3 14.46
3 14.48
3 14.48
3 14.48
3 14.48
3 14.51
3 14.52
3 14.53
3 14.54
3 14.55
3 14.56
3 14.58
3 14.59
3 14.59
3 14.61
3 14.62
3 14.63
3 14.64
3 14.65
3 14.65
3 14.66
3 14.68
3 14.73
4 17.57
4 17.60
4 17.60
4 17.64
4 17.64
4 17.68
4 17.72
4 17.76
4 17.77
4 17.79
4 17.89
4 17.91
4 17.95
4 17.97
4 17.99
4 18.02
4 18.02
4 18.03
4 18.04
4 18.04
4 18.05
4 18.05
4 18.08
4 18.10
4 18.10
4 18.14
4 18.14
4 18.18
4 18.18
4 18.18
4 18.19
4 18.20
4 18.21
4 18.23
4 18.28
4 18.29
4 18.30
4 18.32
4 18.34
4 18.36
4 18.38
4 18.38
4 18.39
4 18.41
4 18.41
4 18.44
4 18.45
4 18.46
4 18.47
4 18.47
4 18.51
4 18.52
4 18.53
4 18.56
4 18.63
4 18.67
4 23.06
4 23.22
4 29.33
4 29.73
5 21.42
5 21.56
5 21.58
5 21.91
5 21.92
5 21.92
5 21.98
5 22.05
5 22.11
5 22.16
5 22.17
5 22.22
5 22.24
5 22.30
5 22.36
5 22.39
5 22.40
5 22.43
5 22.45
5 22.50
5 22.50
5 22.53
5 22.54
5 22.57
5 22.65
5 22.66
5 22.68
5 22.68
5 22.69
5 22.73
5 22.73
5 22.73
5 22.77
5 22.78
5 22.79
5 22.82
5 22.84
5 22.84
5 22.85
5 22.86
5 22.86
5 22.86
5 22.87
5 22.92
5 22.92
5 22.97
5 22.98
5 22.98
5 23.00
5 23.06
5 23.11
5 23.20
5 23.29
5 23.36
5 28.64
5 29.06
6 25.23
6 25.51
6 25.81
6 25.84
6 25.96
6 26.01
6 26.14
6 26.16
6 26.19
6 26.24
6 26.35
6 26.35
6 26.41
6 26.41
6 26.46
6 26.51
6 26.52
6 26.53
6 26.53
6 26.55
6 26.59
6 26.59
6 26.61
6 26.80
6 26.83
6 26.86
6 26.99
6 27.10
6 27.12
6 27.31
6 27.48
6 27.50
6 27.57
6 27.59
6 27.62
6 27.63
6 27.68
6 27.69
6 27.69
6 27.70
6 27.74
6 27.74
6 27.74
6 27.75
6 27.89
6 28.19
6 35.21
6 36.36
6 49.94
6 51.84
7 31.06
7 31.08
7 31.72
7 31.84
7 31.87
7 31.89
7 31.93
7 32.69
7 32.71
7 32.74
7 32.74
7 32.77
7 32.78
7 32.84
7 32.85
7 32.86
7 32.90
7 32.97
7 32.98
7 32.99
7 33.01
7 33.02
7 33.08
7 33.08
7 33.10
7 33.13
7 33.17
7 33.54
7 33.74
7 33.79
7 33.83
7 33.85
7 33.89
7 33.95
7 33.95
7 33.98
7 34.07
7 34.16
7 34.21
7 34.21
7 34.44
7 34.63
7 34.66
7 34.71
7 34.74
7 34.79
7 34.81
7 34.86
7 34.91
7 34.92
7 34.92
7 34.96
7 35.27
7 35.29
7 45.14
7 46.89
8 39.85
8 39.97
8 39.98
8 40.12
8 40.16
8 40.40
8 40.43
8 40.55
8 40.75
8 41.24
8 41.50
8 41.53
8 41.55
8 41.59
8 41.68
8 41.76
8 41.78
8 41.78
8 41.81
8 41.83
8 41.87
8 41.87
8 41.87
8 41.89
8 41.91
8 42.00
8 42.24
8 42.28
8 42.45
8 42.46
8 42.49
8 42.50
8 42.86
8 42.90
8 42.97
8 43.01
8 43.08
8 43.30
8 43.56
8 43.59
8 43.59
8 43.76
8 43.77
8 43.80
8 43.91
8 43.94
8 43.95
8 44.02
8 44.04
8 44.04
8 44.05
8 44.10
8 44.11
8 44.13
8 44.30
8 44.38
8 78.78
8 80.77
8 81.06
8 81.41
8 82.20
8 82.85
8 84.30
8 84.35
8 84.50
8 87.90
9 48.00
9 48.03
9 48.79
9 49.39
9 49.41
9 49.64
9 49.70
9 49.80
9 49.95
9 50.04
9 50.12
9 50.64
9 50.70
9 50.80
9 50.92
9 50.98
9 51.01
9 51.11
9 51.15
9 51.18
9 51.31
9 51.34
9 51.38
9 51.42
9 51.45
9 51.51
9 51.55
9 51.55
9 51.67
9 51.75
9 51.76
9 51.94
9 52.18
9 52.53
9 52.54
9 52.89
9 53.04
9 53.11
9 53.11
9 53.41
9 53.60
9 53.66
9 54.01
9 54.84
9 65.97
9 70.13
10 123.47
10 123.90
10 124.56
10 126.18
10 126.93
10 128.21
10 129.67
10 130.51
10 57.29
10 58.28
10 58.54
10 58.56
10 58.67
10 59.20
10 59.27
10 59.97
10 59.99
10 60.43
10 60.62
10 60.79
10 60.83
10 60.90
10 60.96
10 61.11
10 61.22
10 61.69
10 61.72
10 62.00
10 62.43
10 62.96
10 63.32
10 63.34
10 63.35
10 63.35
10 63.96
10 64.05
10 64.20
10 64.66
10 64.71
10 64.75
10 64.76
10 64.91
10 79.74
10 86.06
11 73.84
11 75.36
11 75.44
11 75.47
11 75.58
11 75.83
11 76.03
11 76.05
11 76.35
11 76.38
11 76.54
11 76.67
11 78.99
11 79.11
11 79.32
11 80.37
11 80.47
11 80.87
12 119.60
12 122.62
12 177.42
12 195.59
12 84.35
12 85.14
12 86.01
12 86.50
12 86.79
12 87.44
12 87.50
12 87.73
12 88.34
12 88.59
12 88.62
12 88.75
13 100.88
13 102.14
13 103.69
13 104.35
13 105.32
13 105.51
13 106.48
13 106.61
13 110.37
13 140.48
13 144.07
13 99.12
14 124.23
14 126.06
14 127.67
14 128.25
14 259.73
14 277.82
15 142.07
15 142.16
15 144.79
15 146.88
15 146.97
15 149.07
15 149.28
15 149.44
16 174.05
16 174.34
16 174.54
16 174.59
16 174.79
16 177.09
16 177.88
16 180.14
16 180.37
16 180.38
16 180.67
16 180.68
16 182.42
16 182.78
16 182.97
16 183.75
16 183.86
16 184.12
16 367.64
16 372.30
16 393.75
16 410.46
17 198.02
17 198.05
17 201.14
17 202.41
17 205.24
17 205.63
17 205.64
17 205.90
17 206.05
17 206.07
17 208.05
17 208.34
17 208.41
17 208.55
17 209.01
17 209.16
17 209.65
17 209.96
18 233.61
18 238.40
18 238.83
18 239.82
18 241.52
18 244.24
18 245.25
18 249.99
18 252.03
18 252.99
18 530.29
18 535.82
18 536.20
18 540.86
18 541.41
18 542.83
18 543.78
18 560.58
19 269.29
19 270.46
19 276.31
19 280.71
19 281.71
19 285.18
19 285.92
19 286.14
20 316.04
20 316.88
20 325.53
20 325.74
20 331.94
20 333.03
20 335.45
20 397.22
20 656.45
20 669.53
20 857.27
20 861.21
21 393.04
21 401.72
22 464.60
22 478.68
23 563.67
23 564.09
23 574.53
23 576.70
24 691.82
24 713.14
24 713.58
24 713.64
25 924.75
25 990.02
