3 758700
3 759116
3 760340
3 760628
3 760740
3 760832
3 761148
3 761608
3 761848
3 761972
3 762796
3 763272
3 763288
3 763508
3 763644
3 763712
3 763948
3 763976
3 764080
3 764392
3 764744
3 764744
3 764816
3 765100
3 765484
3 766396
3 766888
3 766908
3 766964
3 767792
4 786140
4 788400
4 788600
4 788736
4 789172
4 790072
4 790472
4 790880
4 791192
4 791272
4 791280
4 791324
4 791416
4 791472
4 791496
4 791536
4 791544
4 791552
4 791552
4 791580
4 791628
4 791636
4 791640
4 791640
4 791644
4 791664
4 791788
4 791840
4 791868
4 791956
4 792060
4 792100
4 792120
4 792144
4 792188
4 792208
4 792268
4 792268
4 792484
4 792944
4 795412
4 795948
4 796256
4 796436
4 797040
4 797068
4 797536
4 797588
4 797736
4 798880
4 799248
4 799268
4 799268
4 799288
4 799400
4 799540
4 840684
4 845704
4 939268
4 952796
5 822364
5 823060
5 823672
5 824276
5 824372
5 824876
5 825356
5 825964
5 825992
5 826048
5 826108
5 826124
5 826164
5 826268
5 826288
5 826292
5 826356
5 826372
5 826376
5 826400
5 826416
5 826464
5 826556
5 826604
5 826936
5 828832
5 829016
5 829112
5 829172
5 829212
5 829460
5 829788
5 829820
5 829892
5 830164
5 830192
5 830204
5 830320
5 830540
5 830588
5 830680
5 830744
5 830792
5 830912
5 830924
5 830992
5 831044
5 831184
5 831748
5 832760
5 833664
5 833980
5 834332
5 835812
5 890112
5 903296
6 1216108
6 1216916
6 868296
6 868576
6 871528
6 872904
6 874948
6 876700
6 877276
6 877380
6 877488
6 878032
6 878088
6 878488
6 878744
6 878908
6 878956
6 879044
6 879072
6 879136
6 879612
6 879776
6 879880
6 880064
6 880256
6 880424
6 880580
6 881060
6 881776
6 882076
6 882492
6 882940
6 883260
6 883512
6 884012
6 884488
6 884580
6 885252
6 885356
6 885556
6 886384
6 886576
6 886744
6 888948
6 889600
6 890044
6 890944
6 891744
6 953156
6 962396
7 1060864
7 1078552
7 932792
7 933340
7 935692
7 935980
7 936140
7 936420
7 937116
7 937548
7 938284
7 938452
7 939084
7 939248
7 940200
7 940452
7 940672
7 942568
7 942748
7 942968
7 943236
7 943784
7 944012
7 944232
7 944552
7 944876
7 944980
7 945120
7 945304
7 945660
7 945676
7 945808
7 946772
7 946852
7 947248
7 948288
7 949444
7 949908
7 950436
7 950476
7 950512
7 950596
7 950652
7 950836
7 950848
7 950960
7 951008
7 951024
7 951092
7 951096
7 951112
7 951260
7 951416
7 951796
7 964380
7 965704
8 1002632
8 1015252
8 1017464
8 1017640
8 1017768
8 1018068
8 1018548
8 1019104
8 1019744
8 1020088
8 1020544
8 1021200
8 1021280
8 1021484
8 1021804
8 1022108
8 1023480
8 1025096
8 1025380
8 1025784
8 1027764
8 1029544
8 1030120
8 1030248
8 1032376
8 1033512
8 1033544
8 1034228
8 1034644
8 1037040
8 1037076
8 1037160
8 1037232
8 1037552
8 1037756
8 1037780
8 1037796
8 1037904
8 1037928
8 1038156
8 1038232
8 1038272
8 1038452
8 1038780
8 1039196
8 1039744
8 1039784
8 1041144
8 1051004
8 1052208
8 1052524
8 1053480
8 1055404
8 1057372
8 1057392
8 1059152
8 1570176
8 1578568
8 1589896
8 1601484
8 1625764
8 1626136
8 1626240
8 1626868
8 1651996
8 1655700
9 1113212
9 1118420
9 1119360
9 1121624
9 1121716
9 1122412
9 1123480
9 1123756
9 1124740
9 1125080
9 1125520
9 1125712
9 1126016
9 1126160
9 1126220
9 1126756
9 1127312
9 1128396
9 1129484
9 1130440
9 1131964
9 1132356
9 1132752
9 1132808
9 1133172
9 1133364
9 1133424
9 1134448
9 1134776
9 1135400
9 1136460
9 1137868
9 1139236
9 1139400
9 1140448
9 1142140
9 1143576
9 1143748
9 1144984
9 1145044
9 1145232
9 1146756
9 1147912
9 1154068
9 1291148
9 1294160
10 1212628
10 1212876
10 1212984
10 1213260
10 1213336
10 1213360
10 1213476
10 1213484
10 1213720
10 1213840
10 1214744
10 1215060
10 1215580
10 1218332
10 1218432
10 1218868
10 1221004
10 1221660
10 1224348
10 1224736
10 1225812
10 1227664
10 1231168
10 1231720
10 1234848
10 1238820
10 1239700
10 1243976
10 1253136
10 1254336
10 1262468
10 1271996
10 1283272
10 1283692
10 1443404
10 1461912
10 2105476
10 2106272
10 2109728
10 2120620
10 2124020
10 2125732
10 2153840
10 2155316
11 1336416
11 1337296
11 1341932
11 1348060
11 1348384
11 1352940
11 1358916
11 1362492
11 1365728
11 1368628
11 1374364
11 1375472
11 1376868
11 1376872
11 1378372
11 1380216
11 1388472
11 1391280
12 1468840
12 1470124
12 1492076
12 1509688
12 1511288
12 1517680
12 1518156
12 1519472
12 1520544
12 1523800
12 1531220
12 1543412
12 1792844
12 1839944
12 2964404
12 3011880
13 1585272
13 1651296
13 1651524
13 1657412
13 1657944
13 1660704
13 1664436
13 1668500
13 1684104
13 1700972
13 1988160
13 2081040
14 1870900
14 1877812
14 1891244
14 1914672
14 4239248
14 4266612
15 1988192
15 1999764
15 2045232
15 2045856
15 2046252
15 2047652
15 2094352
15 2095312
16 2331556
16 2333932
16 2338716
16 2349504
16 2352080
16 2352872
16 2356816
16 2360752
16 2360884
16 2361304
16 2361400
16 2363784
16 2364284
16 2366696
16 2367128
16 2367484
16 2367624
16 2367864
16 5782540
16 5826768
16 5897880
16 5940884
17 2584860
17 2586852
17 2587648
17 2593308
17 2593904
17 2600500
17 2604952
17 2606552
17 2613120
17 2616640
17 2624324
17 2645172
17 2645444
17 2648156
17 2648376
17 2650876
17 2655072
17 2657780
18 2898716
18 2901728
18 2909056
18 2911672
18 2919268
18 2956668
18 2967068
18 2967700
18 2967704
18 2975840
18 7746116
18 7750060
18 7764740
18 7768232
18 7768396
18 7772796
18 8044824
18 8079584
19 3146780
19 3146892
19 3148664
19 3149828
19 3149904
19 3150260
19 3162412
19 3270472
20 10285048
20 10394876
20 10428440
20 3708400
20 3712544
20 3718800
20 3722820
20 3728832
20 3791396
20 3797968
20 3802136
20 9668600
21 4219692
21 4228512
22 4609500
22 4614832
23 5283136
23 5372916
23 5372952
23 5432160
24 5577208
24 5778384
24 5916040
24 5939784
25 6834904
25 6863540
