3 14.50
3 14.57
3 14.68
3 14.70
3 14.76
3 14.76
3 14.79
3 14.80
3 14.81
3 14.81
3 14.82
3 14.84
3 14.84
3 14.85
3 14.85
3 14.87
3 14.87
3 14.88
3 14.90
3 14.91
3 14.93
3 14.95
3 14.95
3 14.96
3 14.97
3 14.98
3 14.98
3 14.98
3 14.99
3 15.06
4 17.91
4 17.93
4 17.94
4 17.96
4 17.99
4 18.00
4 18.07
4 18.12
4 18.12
4 18.14
4 18.24
4 18.24
4 18.29
4 18.30
4 18.33
4 18.33
4 18.33
4 18.39
4 18.39
4 18.40
4 18.41
4 18.42
4 18.46
4 18.47
4 18.49
4 18.49
4 18.50
4 18.51
4 18.52
4 18.53
4 18.53
4 18.54
4 18.54
4 18.57
4 18.58
4 18.60
4 18.65
4 18.66
4 18.69
4 18.70
4 18.72
4 18.73
4 18.74
4 18.76
4 18.78
4 18.78
4 18.78
4 18.79
4 18.81
4 18.83
4 18.88
4 18.89
4 18.89
4 18.91
4 18.92
4 18.96
4 23.47
4 23.59
4 29.75
4 30.15
5 21.80
5 21.93
5 21.94
5 22.24
5 22.28
5 22.32
5 22.34
5 22.42
5 22.48
5 22.48
5 22.50
5 22.60
5 22.63
5 22.63
5 22.72
5 22.77
5 22.78
5 22.79
5 22.86
5 22.87
5 22.87
5 22.90
5 22.92
5 22.99
5 23.00
5 23.03
5 23.04
5 23.04
5 23.05
5 23.09
5 23.09
5 23.10
5 23.12
5 23.14
5 23.18
5 23.19
5 23.20
5 23.21
5 23.22
5 23.22
5 23.24
5 23.26
5 23.27
5 23.28
5 23.28
5 23.32
5 23.33
5 23.35
5 23.38
5 23.42
5 23.49
5 23.62
5 23.69
5 23.73
5 29.02
5 29.44
6 25.58
6 25.84
6 26.20
6 26.30
6 26.35
6 26.40
6 26.46
6 26.52
6 26.59
6 26.62
6 26.72
6 26.78
6 26.80
6 26.84
6 26.88
6 26.89
6 26.89
6 26.93
6 26.95
6 26.96
6 26.97
6 26.97
6 27.07
6 27.13
6 27.23
6 27.26
6 27.49
6 27.52
6 27.55
6 27.76
6 27.82
6 27.91
6 27.95
6 27.97
6 27.99
6 28.06
6 28.07
6 28.10
6 28.11
6 28.12
6 28.14
6 28.20
6 28.22
6 28.24
6 28.34
6 28.56
6 35.79
6 36.76
6 50.59
6 52.83
7 31.47
7 31.49
7 32.21
7 32.31
7 32.34
7 32.35
7 32.44
7 33.14
7 33.16
7 33.17
7 33.20
7 33.21
7 33.26
7 33.28
7 33.29
7 33.33
7 33.36
7 33.39
7 33.40
7 33.42
7 33.43
7 33.48
7 33.51
7 33.51
7 33.53
7 33.62
7 33.67
7 33.96
7 34.21
7 34.23
7 34.25
7 34.32
7 34.32
7 34.38
7 34.42
7 34.45
7 34.56
7 34.59
7 34.60
7 34.61
7 34.90
7 35.07
7 35.10
7 35.16
7 35.18
7 35.25
7 35.25
7 35.25
7 35.32
7 35.39
7 35.43
7 35.44
7 35.67
7 35.73
7 45.64
7 47.49
8 40.36
8 40.42
8 40.47
8 40.54
8 40.55
8 40.86
8 40.91
8 41.02
8 41.20
8 41.72
8 41.99
8 41.99
8 42.01
8 42.18
8 42.22
8 42.22
8 42.25
8 42.26
8 42.27
8 42.27
8 42.32
8 42.37
8 42.38
8 42.40
8 42.52
8 42.63
8 42.70
8 42.70
8 42.89
8 42.94
8 42.98
8 42.98
8 43.30
8 43.38
8 43.39
8 43.50
8 43.52
8 43.78
8 44.08
8 44.10
8 44.12
8 44.20
8 44.23
8 44.37
8 44.39
8 44.47
8 44.51
8 44.53
8 44.53
8 44.56
8 44.57
8 44.57
8 44.60
8 44.66
8 44.80
8 44.86
8 79.61
8 81.64
8 81.83
8 82.32
8 83.01
8 83.71
8 85.28
8 85.44
8 85.53
8 88.83
9 48.51
9 48.54
9 49.29
9 49.93
9 50.00
9 50.17
9 50.25
9 50.28
9 50.48
9 50.69
9 50.69
9 51.15
9 51.27
9 51.44
9 51.49
9 51.53
9 51.54
9 51.65
9 51.67
9 51.69
9 51.79
9 51.91
9 51.93
9 51.96
9 52.00
9 52.05
9 52.11
9 52.30
9 52.32
9 52.34
9 52.42
9 52.52
9 52.82
9 53.07
9 53.17
9 53.37
9 53.68
9 53.74
9 53.76
9 53.86
9 54.09
9 54.18
9 54.58
9 55.39
9 66.63
9 70.82
10 124.76
10 125.17
10 125.66
10 127.57
10 127.99
10 129.46
10 130.85
10 131.75
10 57.89
10 58.87
10 59.11
10 59.16
10 59.26
10 59.82
10 59.87
10 60.56
10 60.59
10 61.06
10 61.23
10 61.32
10 61.46
10 61.60
10 61.70
10 61.73
10 61.85
10 62.27
10 62.31
10 62.57
10 63.14
10 63.48
10 63.95
10 63.99
10 64.00
10 64.07
10 64.60
10 64.70
10 64.80
10 65.31
10 65.34
10 65.38
10 65.47
10 65.53
10 80.44
10 87.08
11 74.53
11 76.00
11 76.11
11 76.17
11 76.27
11 76.56
11 76.71
11 76.74
11 77.07
11 77.11
11 77.22
11 77.39
11 79.64
11 79.78
11 79.99
11 81.06
11 81.41
11 81.61
12 120.42
12 123.38
12 179.01
12 197.46
12 85.05
12 85.98
12 86.84
12 87.23
12 87.44
12 88.16
12 88.26
12 88.67
12 89.27
12 89.30
12 89.38
12 89.51
13 100.10
13 101.73
13 102.90
13 104.49
13 105.25
13 106.09
13 106.49
13 107.29
13 107.42
13 111.16
13 141.46
13 145.28
14 125.12
14 127.14
14 128.68
14 129.22
14 261.92
14 280.02
15 143.09
15 143.14
15 146.04
15 147.95
15 148.09
15 150.24
15 150.37
15 150.46
16 175.21
16 175.41
16 175.60
16 175.73
16 176.17
16 178.21
16 179.13
16 181.30
16 181.42
16 181.52
16 181.74
16 181.75
16 183.66
16 183.89
16 184.16
16 184.94
16 185.00
16 185.43
16 371.23
16 375.83
16 396.76
16 413.43
17 199.24
17 199.34
17 202.50
17 203.53
17 206.62
17 206.90
17 206.92
17 207.26
17 207.27
17 207.57
17 209.32
17 209.82
17 210.20
17 210.34
17 210.45
17 210.51
17 210.82
17 211.23
18 235.11
18 239.88
18 240.60
18 241.17
18 242.94
18 245.53
18 246.61
18 251.28
18 253.48
18 254.43
18 534.24
18 540.24
18 540.60
18 544.51
18 545.29
18 546.90
18 547.70
18 564.58
19 270.82
19 272.07
19 277.89
19 282.26
19 283.27
19 287.25
19 287.57
19 287.73
20 317.68
20 318.54
20 327.34
20 327.51
20 334.33
20 334.89
20 337.28
20 405.96
20 661.27
20 674.02
20 881.51
20 885.16
21 394.99
21 403.65
22 466.70
22 481.84
23 566.63
23 567.12
23 577.07
23 578.91
24 694.44
24 715.80
24 716.22
24 716.66
25 927.85
25 993.53
