3 11.49
3 11.63
3 11.64
3 11.66
3 11.66
3 11.67
3 11.67
3 11.67
3 11.68
3 11.71
3 11.71
3 11.74
3 11.74
3 11.75
3 11.77
4 12.54
4 12.72
4 12.81
4 12.85
4 12.92
4 12.92
4 12.94
4 12.96
4 12.99
4 13.04
4 13.06
4 13.07
4 13.08
4 13.09
4 13.11
4 13.13
4 13.14
4 13.14
4 13.15
4 13.17
4 13.17
4 13.17
4 13.24
4 13.25
4 13.25
4 13.26
4 13.27
4 13.37
4 16.75
4 16.80
5 13.88
5 14.17
5 14.20
5 14.28
5 14.28
5 14.44
5 14.47
5 14.55
5 14.58
5 14.58
5 14.60
5 14.60
5 14.62
5 14.65
5 14.68
5 14.69
5 14.89
5 14.89
5 14.93
5 14.94
5 15.00
5 15.01
5 15.01
5 15.05
5 15.11
5 15.12
5 15.14
5 18.65
5 18.85
6 16.04
6 16.19
6 16.20
6 16.21
6 16.26
6 16.26
6 16.30
6 16.34
6 16.36
6 16.42
6 16.44
6 16.51
6 16.63
6 16.74
6 16.76
6 16.79
6 16.81
6 16.82
6 16.90
6 16.93
6 17.07
6 17.08
6 17.14
6 19.87
6 20.90
7 17.76
7 17.93
7 17.96
7 18.26
7 18.28
7 18.28
7 18.32
7 18.33
7 18.39
7 18.41
7 18.48
7 18.49
7 18.53
7 18.72
7 18.91
7 19.01
7 19.03
7 19.05
7 19.05
7 19.30
7 19.30
7 19.32
7 19.48
7 19.49
7 19.57
7 19.58
7 19.60
7 22.32
7 23.78
8 20.75
8 20.79
8 20.80
8 20.83
8 20.86
8 20.87
8 20.91
8 20.91
8 20.95
8 20.95
8 20.98
8 20.99
8 21.00
8 21.14
8 21.26
8 21.33
8 21.54
8 21.55
8 21.61
8 21.80
8 21.86
8 21.88
8 21.96
8 21.96
8 22.01
8 22.07
8 22.12
8 22.23
8 25.60
8 26.01
8 26.53
8 27.17
8 27.19
9 22.69
9 22.78
9 22.79
9 22.91
9 23.00
9 23.07
9 23.12
9 23.13
9 23.14
9 23.18
9 23.18
9 23.21
9 23.33
9 23.79
9 24.00
9 24.45
9 24.51
9 24.56
9 24.77
9 24.88
9 24.91
9 24.91
9 28.96
9 31.21
10 25.45
10 25.48
10 25.51
10 25.59
10 26.15
10 26.26
10 26.27
10 26.46
10 26.62
10 26.85
10 26.93
10 27.04
10 27.76
10 27.79
10 27.82
10 28.02
10 28.12
10 33.34
10 33.41
10 34.02
10 35.06
10 35.18
11 28.86
11 29.05
11 29.91
11 30.10
11 30.64
11 30.65
11 31.52
11 32.18
11 32.41
12 33.51
12 34.63
12 34.68
12 34.69
12 34.80
12 34.95
12 41.22
12 41.78
13 37.71
13 39.16
13 39.22
13 39.30
13 39.31
13 46.39
14 43.04
14 43.18
14 54.22
15 46.95
15 48.34
15 48.47
15 48.59
16 54.58
16 54.61
16 54.86
16 56.32
16 56.65
16 56.83
16 56.83
16 56.96
16 56.98
16 69.89
16 70.61
17 60.39
17 60.54
17 61.05
17 62.28
17 62.76
17 63.06
17 63.14
17 63.37
17 63.70
18 70.59
18 71.41
18 73.51
18 73.55
18 73.86
18 82.64
18 83.36
18 85.02
18 85.39
19 77.28
19 80.58
19 80.93
19 81.60
20 102.69
20 104.56
20 88.66
20 90.74
20 92.88
20 93.52
21 103.28
22 117.26
23 140.19
23 141.04
24 169.22
24 171.00
25 222.08
