bitwidth nlimbs real user sys mem
64 3 12.02 11.68 0.33 738344
64 3 12.05 11.74 0.31 737848
64 3 11.94 11.64 0.29 737624
64 3 11.95 11.66 0.28 738120
64 3 11.93 11.63 0.29 738236
64 3 11.99 11.66 0.33 738216
64 3 11.99 11.67 0.31 738092
64 3 12.01 11.71 0.29 737556
64 3 12.01 11.67 0.31 737624
64 3 12.01 11.67 0.33 738160
64 3 12.01 11.71 0.29 737136
64 3 12.03 11.75 0.27 738264
64 3 12.08 11.77 0.29 737772
64 3 11.78 11.49 0.28 738268
64 3 12.05 11.74 0.30 738420
64 4 12.81 12.54 0.27 749708
64 4 13.17 12.85 0.31 750936
64 4 13.19 12.81 0.37 751896
64 4 13.24 12.92 0.30 752888
64 4 13.24 12.92 0.32 753420
64 4 13.26 12.99 0.27 752028
64 4 13.28 12.94 0.33 751992
64 4 13.27 12.96 0.31 752812
64 4 13.36 13.06 0.30 753580
64 4 13.05 12.72 0.33 751156
64 4 13.32 13.04 0.27 751344
64 4 13.46 13.09 0.34 755640
64 4 13.43 13.14 0.29 756896
64 4 13.38 13.07 0.30 755532
64 4 13.47 13.13 0.33 756524
64 4 13.47 13.14 0.33 758524
64 4 13.43 13.15 0.27 756528
64 4 17.16 16.80 0.34 789376
64 4 13.41 13.11 0.30 757484
64 4 13.48 13.17 0.30 757228
64 4 13.47 13.17 0.29 758904
64 4 13.50 13.17 0.29 756780
64 4 13.54 13.24 0.30 756544
64 4 13.54 13.25 0.28 756360
64 4 17.08 16.75 0.32 789276
64 4 13.58 13.25 0.32 755304
64 4 13.41 13.08 0.32 755620
64 4 13.60 13.37 0.22 755680
64 4 13.58 13.27 0.30 755416
64 4 13.58 13.26 0.30 756976
32 5 15.20 14.89 0.31 766712
32 5 14.61 14.28 0.31 767716
32 5 14.16 13.88 0.27 768016
32 5 14.54 14.20 0.33 770656
64 5 14.93 14.58 0.35 771952
64 5 14.79 14.44 0.35 772560
64 5 14.89 14.60 0.28 772452
64 5 19.05 18.65 0.39 813444
64 5 14.88 14.58 0.29 772608
64 5 14.92 14.62 0.29 772476
64 5 14.81 14.47 0.33 772276
64 5 14.53 14.17 0.34 774224
64 5 14.95 14.60 0.31 772092
64 5 14.92 14.55 0.36 771624
64 5 19.25 18.85 0.39 812988
64 5 14.60 14.28 0.31 773388
64 5 14.99 14.65 0.31 777228
64 5 15.28 14.94 0.33 773464
64 5 15.31 15.00 0.30 773856
64 5 15.30 15.01 0.28 773592
64 5 15.32 15.01 0.31 773684
64 5 15.05 14.69 0.35 774432
64 5 15.02 14.68 0.34 774300
64 5 15.48 15.14 0.34 777992
64 5 15.43 15.05 0.36 774460
64 5 15.54 15.12 0.40 774168
64 5 15.29 14.93 0.35 774644
64 5 15.23 14.89 0.34 772356
32 6 17.15 16.81 0.33 794220
32 6 16.57 16.21 0.36 795300
32 6 16.34 16.04 0.29 793976
32 6 16.55 16.19 0.36 795360
32 6 16.65 16.26 0.37 793480
32 6 16.58 16.20 0.38 794304
32 6 16.73 16.44 0.28 792472
32 6 16.78 16.42 0.35 791468
32 6 16.65 16.30 0.35 792388
32 6 16.67 16.34 0.32 791948
32 6 16.70 16.36 0.34 792888
64 6 17.16 16.82 0.33 788752
64 6 16.61 16.26 0.34 794104
64 6 17.21 16.90 0.31 795772
64 6 17.18 16.76 0.42 797336
64 6 17.15 16.79 0.34 796120
64 6 20.44 19.87 0.54 839596
64 6 16.85 16.51 0.34 793744
64 6 17.30 16.93 0.34 795832
64 6 16.90 16.63 0.26 785720
64 6 17.44 17.08 0.34 792816
64 6 21.30 20.90 0.39 845388
64 6 17.57 17.07 0.34 797396
64 6 17.49 17.14 0.35 797328
64 6 17.04 16.74 0.30 798796
32 7 18.65 18.28 0.36 808364
32 7 18.63 18.26 0.36 809796
32 7 18.66 18.28 0.37 812060
32 7 18.65 18.32 0.33 809680
32 7 18.70 18.33 0.36 813220
32 7 18.13 17.76 0.35 813556
32 7 18.79 18.41 0.37 813516
32 7 18.78 18.39 0.38 812672
32 7 18.83 18.49 0.34 811604
32 7 18.84 18.48 0.35 814076
32 7 18.85 18.53 0.29 814524
32 7 18.34 17.96 0.37 814788
32 7 18.35 17.93 0.41 815072
64 7 22.68 22.32 0.35 863716
64 7 19.68 19.30 0.38 817976
64 7 24.50 23.78 0.44 882392
64 7 19.70 19.32 0.35 818264
64 7 19.05 18.72 0.32 816592
64 7 19.60 19.30 0.28 814600
64 7 19.38 19.03 0.32 817348
64 7 19.89 19.49 0.38 817748
64 7 19.93 19.60 0.33 818800
64 7 19.32 18.91 0.40 817996
64 7 19.90 19.48 0.38 816668
64 7 19.42 19.05 0.36 818668
64 7 19.41 19.05 0.33 815444
64 7 19.94 19.58 0.35 814116
64 7 19.35 19.01 0.33 814276
64 7 19.93 19.57 0.36 814060
32 8 21.15 20.79 0.33 842092
32 8 21.20 20.86 0.34 847352
32 8 21.20 20.87 0.33 843984
32 8 21.13 20.75 0.36 846424
32 8 21.23 20.83 0.39 840568
32 8 21.18 20.80 0.37 840420
32 8 21.29 20.91 0.36 842560
32 8 21.43 20.95 0.47 841060
32 8 21.35 20.98 0.36 848040
32 8 21.41 21.00 0.41 844740
32 8 21.32 20.91 0.40 845064
32 8 21.36 20.95 0.40 846308
32 8 21.42 20.99 0.42 841816
32 8 26.15 25.60 0.53 929380
32 8 21.46 21.14 0.32 835944
64 8 22.34 21.96 0.37 855872
64 8 22.43 22.07 0.33 855692
64 8 22.21 21.80 0.40 855704
64 8 21.66 21.33 0.33 859232
64 8 22.24 21.86 0.37 857884
64 8 21.72 21.26 0.42 861108
64 8 22.37 21.96 0.40 860612
64 8 22.24 21.88 0.33 853248
64 8 22.50 22.12 0.34 852768
64 8 22.33 22.01 0.31 857824
64 8 21.92 21.54 0.34 855536
64 8 26.42 26.01 0.40 928264
64 8 21.88 21.55 0.32 852392
64 8 27.59 27.17 0.41 928368
64 8 27.64 27.19 0.44 931612
64 8 21.98 21.61 0.36 853368
64 8 22.59 22.23 0.36 848136
64 8 26.93 26.53 0.39 929192
32 9 23.51 23.12 0.38 877964
32 9 29.41 28.96 0.44 950424
32 9 23.51 23.13 0.37 881440
32 9 23.59 23.18 0.39 878248
32 9 23.62 23.14 0.46 877704
32 9 23.58 23.18 0.38 876276
32 9 23.42 23.00 0.41 869356
32 9 23.45 23.07 0.37 871932
32 9 23.56 23.21 0.34 880352
32 9 23.72 23.33 0.39 879036
32 9 23.16 22.79 0.36 879824
32 9 23.18 22.78 0.37 879960
32 9 23.08 22.69 0.39 882404
32 9 23.24 22.91 0.33 879628
64 9 24.42 24.00 0.41 879316
64 9 24.13 23.79 0.33 887572
64 9 31.64 31.21 0.41 981828
64 9 24.87 24.45 0.41 886244
64 9 24.89 24.51 0.37 884492
64 9 24.97 24.56 0.39 892164
64 9 25.40 24.91 0.47 894100
64 9 25.18 24.77 0.40 890216
64 9 25.35 24.88 0.40 889976
64 9 25.31 24.91 0.39 889948
32 10 33.80 33.34 0.45 1030256
32 10 33.91 33.41 0.50 1033944
32 10 26.89 26.46 0.42 924460
32 10 25.92 25.51 0.41 921456
32 10 25.84 25.45 0.38 911556
32 10 26.79 26.26 0.49 916200
32 10 26.70 26.27 0.43 918340
32 10 25.99 25.59 0.40 924968
32 10 26.57 26.15 0.41 926376
32 10 25.87 25.48 0.38 923652
64 10 27.25 26.85 0.39 925756
64 10 35.62 35.06 0.55 1036392
64 10 35.72 35.18 0.47 1036656
64 10 34.45 34.02 0.42 1034648
64 10 28.16 27.76 0.39 935264
64 10 27.40 27.04 0.36 932456
64 10 28.51 28.02 0.37 936328
64 10 28.28 27.82 0.46 931716
64 10 28.48 28.12 0.36 930340
64 10 27.33 26.93 0.40 927908
64 10 28.25 27.79 0.46 929208
32 11 29.32 28.86 0.45 972772
32 11 30.37 29.91 0.46 961100
32 11 30.52 30.10 0.41 967768
32 11 29.53 29.05 0.44 977692
32 11 31.11 30.64 0.46 980424
32 11 31.11 30.65 0.45 977776
64 11 32.61 32.18 0.42 979108
64 11 32.89 32.41 0.47 979404
64 11 31.98 31.52 0.44 981972
32 12 35.11 34.63 0.47 1033392
32 12 35.21 34.69 0.47 1027268
32 12 41.78 41.22 0.55 1187008
32 12 35.12 34.68 0.43 1035456
32 12 33.99 33.51 0.47 1035856
32 12 35.38 34.95 0.43 1026840
32 12 42.36 41.78 0.57 1172376
32 12 35.24 34.80 0.43 1026992
32 13 40.01 39.31 0.47 1088952
32 13 46.96 46.39 0.56 1221220
32 13 38.22 37.71 0.50 1095320
32 13 39.70 39.16 0.52 1115796
32 13 39.86 39.30 0.49 1115784
32 13 39.77 39.22 0.54 1111292
32 14 54.90 54.22 0.66 1435596
32 14 43.74 43.18 0.55 1172060
32 14 43.57 43.04 0.52 1172456
32 15 48.99 48.47 0.51 1264452
32 15 47.49 46.95 0.53 1264932
32 15 49.19 48.59 0.59 1226040
32 15 49.06 48.34 0.71 1220036
32 16 57.04 56.32 0.71 1445876
32 16 57.69 56.83 0.77 1443764
32 16 57.51 56.83 0.67 1440796
32 16 57.60 56.96 0.64 1441744
32 16 55.54 54.86 0.67 1443068
32 16 57.33 56.65 0.66 1430664
32 16 55.22 54.61 0.61 1461540
32 16 55.21 54.58 0.61 1440948
32 16 57.77 56.98 0.77 1445604
32 16 70.77 69.89 0.84 1672640
32 16 71.50 70.61 0.88 1658236
32 17 63.48 62.76 0.70 1530896
32 17 61.12 60.39 0.72 1530536
32 17 63.00 62.28 0.71 1530580
32 17 64.44 63.70 0.73 1600056
32 17 61.76 61.05 0.71 1589868
32 17 61.50 60.54 0.88 1521992
32 17 63.88 63.14 0.72 1522712
32 17 63.74 63.06 0.66 1496500
32 17 64.01 63.37 0.64 1511632
32 18 74.63 73.86 0.76 1662140
32 18 71.39 70.59 0.80 1664140
32 18 84.25 83.36 0.87 1964032
32 18 72.20 71.41 0.77 1690552
32 18 86.13 85.02 0.99 1966264
32 18 83.55 82.64 0.90 1959192
32 18 74.29 73.55 0.72 1638512
32 18 74.35 73.51 0.83 1663356
32 18 86.58 85.39 1.07 1930724
32 19 81.81 80.93 0.86 1815772
32 19 78.11 77.28 0.82 1799332
32 19 81.54 80.58 0.90 1801104
32 19 82.50 81.60 0.84 1795016
32 20 103.73 102.69 1.03 2285192
32 20 105.78 104.56 1.21 2342764
32 20 93.83 92.88 0.93 1835812
32 20 94.49 93.52 0.97 1981876
32 20 89.70 88.66 1.03 1860248
32 20 91.73 90.74 0.98 1882608
32 21 104.38 103.28 1.05 2096640
32 22 118.68 117.26 1.27 2277932
32 23 141.71 140.19 1.31 2477600
32 23 142.23 141.04 1.17 2469668
32 24 170.51 169.22 1.26 2614684
32 24 172.23 171.00 1.21 2618020
32 25 223.53 222.08 1.42 2823344
