3 10.86
3 10.95
3 10.98
3 10.99
3 11.08
3 11.09
3 11.10
3 11.10
3 11.13
3 11.13
3 11.14
3 11.15
3 11.15
3 11.16
3 11.16
3 11.17
3 11.18
3 11.19
3 11.21
3 11.22
3 11.22
3 11.23
3 11.23
3 11.25
3 11.26
3 11.26
3 11.27
3 11.28
3 11.28
3 11.29
4 11.80
4 11.94
4 11.97
4 12.00
4 12.03
4 12.03
4 12.03
4 12.04
4 12.08
4 12.09
4 12.12
4 12.14
4 12.14
4 12.15
4 12.15
4 12.15
4 12.16
4 12.16
4 12.16
4 12.16
4 12.17
4 12.18
4 12.19
4 12.19
4 12.21
4 12.22
4 12.24
4 12.24
4 12.24
4 12.24
4 12.24
4 12.25
4 12.26
4 12.26
4 12.27
4 12.28
4 12.28
4 12.29
4 12.29
4 12.31
4 12.32
4 12.33
4 12.33
4 12.36
4 12.37
4 12.39
4 12.40
4 12.40
4 12.42
4 12.44
4 12.44
4 12.45
4 12.46
4 12.46
4 12.51
4 12.51
4 12.56
4 12.56
4 12.56
4 12.59
5 12.84
5 12.86
5 12.88
5 13.04
5 13.09
5 13.09
5 13.16
5 13.25
5 13.27
5 13.28
5 13.31
5 13.40
5 13.41
5 13.42
5 13.44
5 13.50
5 13.52
5 13.54
5 13.55
5 13.55
5 13.56
5 13.56
5 13.57
5 13.59
5 13.61
5 13.62
5 13.62
5 13.62
5 13.63
5 13.64
5 13.65
5 13.65
5 13.65
5 13.69
5 13.70
5 13.71
5 13.72
5 13.73
5 13.74
5 13.75
5 13.76
5 13.76
5 13.77
5 13.81
5 13.81
5 13.81
5 13.83
5 13.86
5 13.87
5 13.90
5 13.91
5 13.91
5 13.92
5 13.93
5 13.93
5 14.05
5 14.07
5 14.10
6 14.05
6 14.14
6 14.18
6 14.24
6 14.25
6 14.33
6 14.48
6 14.48
6 14.48
6 14.48
6 14.51
6 14.53
6 14.53
6 14.53
6 14.54
6 14.57
6 14.59
6 14.60
6 14.65
6 14.67
6 14.69
6 14.76
6 14.85
6 14.85
6 14.85
6 14.96
6 14.97
6 15.05
6 15.16
6 15.23
6 15.28
6 15.30
6 15.32
6 15.36
6 15.36
6 15.38
6 15.39
6 15.40
6 15.41
6 15.41
6 15.42
6 15.52
6 15.53
6 15.54
6 15.57
6 15.59
6 15.62
6 15.68
6 15.72
6 15.72
7 15.73
7 15.80
7 15.85
7 16.03
7 16.06
7 16.13
7 16.14
7 16.14
7 16.17
7 16.18
7 16.19
7 16.19
7 16.22
7 16.23
7 16.24
7 16.24
7 16.25
7 16.26
7 16.29
7 16.29
7 16.30
7 16.30
7 16.61
7 16.63
7 16.69
7 16.74
7 16.90
7 17.18
7 17.33
7 17.36
7 17.42
7 17.45
7 17.50
7 17.50
7 17.52
7 17.54
7 17.61
7 17.62
7 17.63
7 17.65
7 17.66
7 17.72
7 17.72
7 17.74
7 17.75
7 17.81
7 17.83
7 17.83
7 17.84
7 17.84
7 17.86
7 17.87
7 17.88
7 17.88
7 17.89
7 17.90
7 17.91
7 17.91
8 17.85
8 17.87
8 17.97
8 18.08
8 18.09
8 18.11
8 18.12
8 18.14
8 18.16
8 18.32
8 18.34
8 18.34
8 18.34
8 18.42
8 18.45
8 18.46
8 18.51
8 18.52
8 18.53
8 18.54
8 18.55
8 18.55
8 18.56
8 18.60
8 18.63
8 18.65
8 18.66
8 18.67
8 18.71
8 18.82
8 19.38
8 19.43
8 19.44
8 19.46
8 19.48
8 19.56
8 19.72
8 19.76
8 19.79
8 19.84
8 19.86
8 19.86
8 19.87
8 19.89
8 19.90
8 19.91
8 19.91
8 19.93
8 19.93
8 19.94
8 19.95
8 19.97
8 19.99
8 20.02
8 20.04
8 20.06
8 20.06
8 20.09
8 20.10
8 20.15
8 20.25
8 20.30
8 20.37
8 20.38
8 20.44
8 20.78
9 20.00
9 20.04
9 20.11
9 20.29
9 20.31
9 20.61
9 20.64
9 20.67
9 20.68
9 20.69
9 20.69
9 20.71
9 20.72
9 20.83
9 20.83
9 20.86
9 20.86
9 20.87
9 20.87
9 20.90
9 20.91
9 20.91
9 20.92
9 20.92
9 20.95
9 20.97
9 21.01
9 21.07
9 21.11
9 21.60
9 21.95
9 22.22
9 22.32
9 22.35
9 22.35
9 22.42
9 22.50
9 22.51
9 22.58
9 22.64
9 22.71
9 22.73
9 22.73
9 22.74
9 22.76
9 22.78
9 22.82
9 22.91
10 22.49
10 22.61
10 22.62
10 22.64
10 22.75
10 22.81
10 22.87
10 23.04
10 23.14
10 23.28
10 23.37
10 23.38
10 23.41
10 23.42
10 23.45
10 23.47
10 23.54
10 23.55
10 23.56
10 23.65
10 23.71
10 23.89
10 23.94
10 24.06
10 24.46
10 24.71
10 24.94
10 25.04
10 25.10
10 25.16
10 25.27
10 25.32
10 25.35
10 25.37
10 25.40
10 25.42
10 25.54
10 25.56
10 25.57
10 25.59
10 25.61
10 25.63
10 25.70
10 25.81
11 25.80
11 26.03
11 26.26
11 26.29
11 26.34
11 26.38
11 26.39
11 26.47
11 26.50
11 26.54
11 26.71
11 26.72
11 27.93
11 27.96
11 28.78
11 28.81
11 28.82
11 28.85
12 28.11
12 28.46
12 28.48
12 28.49
12 28.83
12 29.01
12 29.10
12 29.13
12 29.15
12 29.20
12 29.21
12 29.27
12 29.29
12 29.35
12 29.65
12 29.69
13 31.93
13 32.13
13 32.19
13 32.59
13 32.63
13 32.67
13 32.83
13 33.10
13 33.29
13 33.36
13 33.39
13 33.70
14 36.09
14 36.40
14 37.31
14 37.34
14 37.41
14 37.49
15 41.23
15 42.00
15 42.18
15 42.35
15 42.79
15 43.16
15 43.50
15 43.62
16 47.49
16 47.62
16 47.67
16 47.99
16 48.24
16 48.34
16 48.46
16 48.67
16 48.76
16 48.89
16 48.90
16 48.97
16 49.05
16 49.05
16 49.05
16 49.08
16 49.10
16 49.16
16 49.25
16 49.44
16 49.53
16 49.56
17 54.13
17 54.19
17 54.24
17 54.69
17 54.73
17 54.89
17 55.31
17 55.34
17 55.39
17 55.48
17 55.57
17 55.71
17 55.74
17 55.74
17 55.83
17 55.89
17 56.22
17 56.27
18 60.74
18 60.91
18 61.52
18 61.61
18 62.00
18 62.12
18 62.17
18 62.39
18 62.51
18 62.64
18 62.66
18 62.73
18 62.85
18 63.35
18 63.45
18 63.52
18 64.13
18 64.49
19 69.90
19 70.79
19 71.85
19 72.76
19 72.97
19 73.10
19 73.17
19 73.38
20 82.63
20 83.12
20 84.37
20 84.43
20 84.66
20 84.86
20 85.19
20 85.22
20 85.45
20 85.47
20 85.53
20 86.00
21 103.86
21 106.70
22 132.09
22 134.04
23 182.90
23 184.69
23 184.76
23 185.93
24 271.10
24 271.89
24 272.13
24 272.26
25 429.14
25 485.77
