3 10.14
3 10.19
3 10.24
3 10.25
3 10.30
3 10.40
3 10.42
3 10.43
3 10.43
3 10.44
3 10.45
3 10.46
3 10.46
3 10.47
3 10.47
3 10.47
3 10.48
3 10.49
3 10.50
3 10.50
3 10.50
3 10.52
3 10.53
3 10.54
3 10.54
3 10.55
3 10.56
3 10.57
3 10.57
3 10.62
4 10.93
4 11.01
4 11.04
4 11.08
4 11.18
4 11.19
4 11.20
4 11.20
4 11.20
4 11.22
4 11.23
4 11.24
4 11.25
4 11.25
4 11.26
4 11.26
4 11.26
4 11.26
4 11.27
4 11.27
4 11.27
4 11.28
4 11.30
4 11.31
4 11.31
4 11.31
4 11.32
4 11.33
4 11.33
4 11.34
4 11.34
4 11.37
4 11.37
4 11.37
4 11.39
4 11.39
4 11.40
4 11.41
4 11.42
4 11.46
4 11.46
4 11.46
4 11.47
4 11.47
4 11.47
4 11.47
4 11.51
4 11.51
4 11.51
4 11.52
4 11.52
4 11.53
4 11.53
4 11.54
4 11.54
4 11.55
4 11.55
4 11.56
4 11.58
4 11.63
5 11.76
5 12.03
5 12.05
5 12.07
5 12.08
5 12.09
5 12.12
5 12.18
5 12.22
5 12.29
5 12.31
5 12.32
5 12.34
5 12.37
5 12.37
5 12.38
5 12.39
5 12.39
5 12.40
5 12.40
5 12.40
5 12.41
5 12.41
5 12.42
5 12.42
5 12.45
5 12.46
5 12.48
5 12.48
5 12.48
5 12.48
5 12.49
5 12.50
5 12.50
5 12.51
5 12.51
5 12.51
5 12.51
5 12.52
5 12.52
5 12.52
5 12.52
5 12.55
5 12.56
5 12.57
5 12.57
5 12.58
5 12.58
5 12.61
5 12.64
5 12.64
5 12.65
5 12.65
5 12.66
5 12.66
5 12.66
5 12.67
5 12.79
5 12.79
5 12.80
5 12.83
5 12.84
6 12.93
6 13.02
6 13.13
6 13.13
6 13.15
6 13.16
6 13.16
6 13.17
6 13.17
6 13.17
6 13.24
6 13.26
6 13.28
6 13.30
6 13.36
6 13.38
6 13.38
6 13.41
6 13.42
6 13.42
6 13.46
6 13.50
6 13.57
6 13.68
6 13.73
6 13.74
6 13.75
6 13.77
6 13.79
6 13.80
6 13.80
6 13.80
6 13.80
6 13.80
6 13.84
6 13.85
6 13.85
6 13.88
6 13.89
6 13.90
6 13.93
6 13.93
6 13.98
6 13.98
6 14.04
6 14.05
6 14.07
6 14.07
6 14.09
6 14.09
6 14.10
6 14.17
6 14.17
6 14.26
7 14.23
7 14.27
7 14.33
7 14.38
7 14.40
7 14.47
7 14.52
7 14.58
7 14.62
7 14.62
7 14.65
7 14.66
7 14.67
7 14.67
7 14.68
7 14.68
7 14.68
7 14.69
7 14.70
7 14.70
7 14.71
7 14.73
7 14.74
7 14.77
7 14.77
7 14.84
7 15.10
7 15.13
7 15.19
7 15.20
7 15.25
7 15.26
7 15.30
7 15.32
7 15.33
7 15.35
7 15.41
7 15.41
7 15.44
7 15.46
7 15.48
7 15.49
7 15.53
7 15.55
7 15.59
7 15.59
7 15.59
7 15.69
7 15.70
7 15.73
7 15.76
7 15.77
7 15.78
7 15.78
7 15.80
7 15.84
7 15.84
7 15.88
8 15.87
8 15.88
8 16.00
8 16.00
8 16.01
8 16.06
8 16.09
8 16.13
8 16.25
8 16.30
8 16.31
8 16.32
8 16.34
8 16.34
8 16.35
8 16.36
8 16.38
8 16.40
8 16.40
8 16.41
8 16.42
8 16.44
8 16.46
8 16.48
8 16.49
8 16.50
8 16.53
8 16.53
8 16.55
8 16.56
8 17.29
8 17.36
8 17.39
8 17.41
8 17.46
8 17.58
8 17.66
8 17.67
8 17.68
8 17.69
8 17.69
8 17.70
8 17.71
8 17.71
8 17.74
8 17.74
8 17.79
8 17.80
8 17.80
8 17.80
8 17.82
8 17.84
8 17.86
8 17.87
8 17.90
8 17.92
8 17.92
8 17.94
8 17.94
8 17.96
8 17.99
8 18.00
8 18.08
8 18.08
8 18.14
8 18.15
9 18.03
9 18.05
9 18.06
9 18.06
9 18.07
9 18.08
9 18.15
9 18.19
9 18.25
9 18.27
9 18.30
9 18.52
9 18.53
9 18.55
9 18.56
9 18.59
9 18.59
9 18.60
9 18.60
9 18.62
9 18.63
9 18.65
9 18.72
9 18.81
9 18.82
9 18.90
9 18.96
9 19.05
9 19.12
9 19.21
9 19.41
9 19.56
9 19.67
9 19.74
9 19.81
9 19.81
9 19.83
9 19.91
9 19.97
9 19.98
9 20.10
9 20.11
9 20.23
9 20.24
9 20.24
9 20.26
9 20.29
9 20.32
9 20.38
9 20.41
10 20.36
10 20.39
10 20.40
10 20.51
10 20.53
10 20.56
10 20.62
10 20.67
10 20.82
10 20.85
10 20.86
10 20.87
10 20.91
10 20.98
10 21.04
10 21.05
10 21.05
10 21.07
10 21.10
10 21.11
10 21.14
10 21.17
10 21.19
10 21.23
10 21.67
10 21.70
10 21.70
10 21.92
10 22.16
10 22.23
10 22.36
10 22.40
10 22.47
10 22.53
10 22.54
10 22.58
10 22.60
10 22.62
10 22.68
10 22.71
10 22.71
10 22.73
10 22.75
10 22.77
10 22.78
10 22.82
10 22.85
10 22.86
11 22.94
11 23.08
11 23.10
11 23.12
11 23.15
11 23.20
11 23.30
11 23.55
11 23.58
11 23.61
11 23.63
11 23.79
11 23.81
11 23.81
11 23.86
11 24.00
11 25.06
11 25.10
11 25.47
11 25.55
11 25.58
11 25.68
12 25.97
12 26.19
12 26.37
12 26.38
12 26.48
12 26.59
12 26.60
12 26.65
12 26.66
12 26.73
12 26.76
12 26.80
12 26.84
12 26.99
12 27.06
12 27.12
12 27.13
12 27.16
13 29.19
13 29.71
13 29.71
13 29.81
13 29.84
13 29.85
13 30.14
13 30.14
13 30.27
13 30.50
13 30.63
13 30.76
14 32.39
14 32.92
14 32.94
14 33.28
14 33.75
14 33.82
15 37.17
15 37.31
15 37.42
15 38.10
15 38.34
15 38.43
15 38.49
15 38.50
16 42.16
16 42.32
16 43.10
16 43.26
16 43.27
16 43.27
16 43.36
16 43.37
16 43.40
16 43.47
16 43.48
16 43.52
16 43.57
16 43.59
16 43.61
16 43.63
16 43.68
16 43.68
16 43.92
16 44.18
16 44.42
16 44.61
17 49.23
17 49.29
17 49.41
17 49.44
17 49.57
17 49.85
17 50.29
17 50.40
17 50.43
17 50.45
17 50.61
17 50.80
17 50.82
17 50.91
17 50.93
17 51.07
17 51.31
17 51.56
18 56.64
18 56.68
18 57.17
18 57.75
18 57.90
18 58.02
18 58.03
18 58.08
18 58.10
18 58.32
18 58.67
18 58.73
18 58.78
18 58.80
18 58.83
18 58.97
18 59.11
18 59.16
18 59.27
18 59.42
19 65.59
19 66.71
19 66.80
19 67.02
19 67.13
19 67.70
19 67.71
19 67.81
19 68.00
19 68.03
20 77.66
20 77.87
20 77.94
20 77.94
20 78.10
20 78.12
20 78.35
20 78.53
20 79.28
20 79.51
20 79.73
20 79.86
21 97.86
21 98.32
22 127.94
22 128.39
23 174.36
23 176.95
23 177.25
23 177.34
24 259.94
24 260.08
24 260.67
24 260.76
25 418.97
25 424.34
