3 754564
3 754848
3 754944
3 755040
3 755232
3 755280
3 755436
3 755452
3 755624
3 755976
3 756100
3 756164
3 756456
3 756512
3 756540
3 756740
3 756900
3 757148
3 757196
3 757244
3 757492
3 757656
3 757664
3 758300
3 758716
3 758744
3 758976
3 759236
3 759368
3 759556
4 773768
4 773796
4 773908
4 774024
4 774100
4 774328
4 774404
4 774408
4 774640
4 774908
4 784076
4 784864
4 785048
4 785216
4 785484
4 785796
4 786000
4 786272
4 786364
4 786612
4 786668
4 786684
4 786756
4 786840
4 787072
4 787076
4 787256
4 787276
4 787536
4 788012
4 788076
4 788200
4 788456
4 788868
4 788896
4 788900
4 788984
4 788992
4 789108
4 789312
4 789356
4 789424
4 789448
4 789456
4 789500
4 789596
4 789668
4 789744
4 789800
4 789812
4 789940
4 790024
4 790068
4 790100
4 790184
4 790244
4 826260
4 827664
4 933504
4 940268
5 798448
5 798844
5 814616
5 815384
5 816076
5 816648
5 816804
5 816972
5 817092
5 817512
5 817760
5 817768
5 818160
5 818180
5 818380
5 818428
5 818504
5 818684
5 818900
5 818980
5 819060
5 819120
5 819376
5 819488
5 819604
5 819844
5 819884
5 819968
5 820140
5 820224
5 820412
5 820536
5 820808
5 820996
5 821156
5 821544
5 821720
5 821732
5 821792
5 821804
5 822052
5 822176
5 822448
5 822812
5 822928
5 823032
5 823044
5 823056
5 823456
5 823496
5 823528
5 823980
5 824820
5 825156
5 882020
5 888672
6 1189956
6 1192988
6 855156
6 855280
6 855780
6 857356
6 858120
6 858348
6 859112
6 859476
6 859928
6 860228
6 860332
6 860560
6 860632
6 860952
6 861672
6 862244
6 862400
6 863376
6 863692
6 863748
6 863780
6 863896
6 863964
6 865124
6 865356
6 865528
6 865888
6 866200
6 866240
6 866364
6 866380
6 866636
6 866652
6 867012
6 867264
6 867328
6 868152
6 868472
6 869028
6 869184
6 869292
6 870272
6 871296
6 872556
6 873656
6 876424
6 950080
6 950400
7 1029816
7 1034704
7 903052
7 905132
7 905412
7 907220
7 907320
7 908200
7 910384
7 910596
7 910936
7 911140
7 911268
7 911280
7 911420
7 911444
7 911444
7 911640
7 911648
7 911820
7 912044
7 912340
7 912536
7 912896
7 913156
7 914900
7 914996
7 915636
7 916740
7 918440
7 918744
7 923716
7 924344
7 925784
7 926012
7 927424
7 927568
7 928932
7 930228
7 930332
7 930376
7 931444
7 932148
7 932152
7 932808
7 933760
7 933812
7 934352
7 935108
7 935480
7 935716
7 937024
7 938008
7 938308
7 939820
7 941056
8 1000696
8 1001192
8 1001440
8 1001692
8 1001904
8 1003656
8 1003716
8 1008488
8 1009280
8 1009700
8 1011720
8 1015140
8 1018704
8 1019288
8 1019732
8 1022592
8 1025372
8 1515436
8 1534804
8 1552184
8 1552396
8 1579904
8 1602024
8 1602464
8 1624152
8 1625468
8 1625496
8 982704
8 984560
8 986632
8 987860
8 987960
8 988052
8 988216
8 988460
8 988516
8 988568
8 988636
8 988712
8 989072
8 989092
8 989120
8 989196
8 989780
8 989956
8 990124
8 990260
8 990404
8 990464
8 991080
8 991232
8 991288
8 992676
8 992684
8 992708
8 992716
8 993068
8 993788
8 993860
8 996112
8 996548
8 996764
8 997240
8 998368
8 998580
8 999540
9 1083764
9 1084560
9 1086392
9 1086700
9 1087896
9 1089344
9 1089684
9 1089816
9 1090296
9 1091096
9 1091288
9 1091636
9 1092244
9 1093428
9 1094916
9 1095160
9 1095428
9 1095564
9 1095820
9 1096284
9 1096968
9 1097360
9 1097752
9 1098108
9 1102084
9 1102320
9 1102652
9 1102892
9 1104272
9 1104596
9 1105280
9 1105524
9 1106960
9 1107884
9 1112516
9 1113536
9 1114092
9 1115632
9 1115972
9 1120104
9 1121560
9 1121776
9 1121988
9 1123768
9 1222176
9 1274600
10 1108856
10 1120392
10 1186332
10 1188356
10 1188884
10 1188940
10 1188948
10 1189756
10 1191888
10 1193732
10 1193804
10 1200164
10 1211112
10 1211268
10 1211584
10 1212012
10 1212088
10 1212296
10 1212304
10 1212380
10 1212508
10 1212540
10 1212568
10 1212688
10 1212732
10 1212856
10 1213100
10 1213192
10 1213328
10 1213424
10 1214344
10 1215288
10 1215380
10 1219124
10 1397104
10 1412312
10 2064192
10 2071540
10 2089380
10 2090516
10 2091960
10 2092628
10 2107400
10 2127764
11 1287448
11 1293364
11 1297100
11 1301152
11 1301588
11 1303940
11 1305052
11 1306352
11 1307696
11 1309568
11 1313080
11 1313856
11 1315724
11 1318032
11 1325156
11 1326084
11 1333256
11 1333520
12 1444328
12 1444848
12 1444996
12 1446256
12 1449320
12 1449984
12 1456520
12 1467312
12 1467884
12 1469852
12 1471520
12 1472808
12 1721064
12 1752860
12 2919712
12 2926160
13 1523988
13 1554280
13 1556920
13 1559456
13 1561644
13 1568476
13 1573072
13 1625284
13 1625488
13 1626180
13 1963024
13 2040712
14 1736612
14 1746328
14 1795856
14 1804716
14 4100420
14 4289832
15 1950176
15 1951492
15 1952364
15 1952448
15 1952468
15 1963064
15 2042224
15 2069444
16 2161568
16 2168456
16 2170800
16 2194000
16 2196664
16 2216520
16 2220964
16 2239680
16 2299596
16 2318448
16 2321996
16 2343584
16 2344192
16 2344308
16 2344380
16 2360724
16 2364620
16 2367420
16 5489632
16 5543428
16 5607372
16 5740236
17 2469048
17 2469524
17 2479968
17 2480308
17 2480496
17 2480980
17 2481392
17 2490416
17 2513088
17 2513428
17 2513720
17 2513800
17 2514040
17 2514152
17 2537892
17 2566152
17 2578336
17 2626016
18 2710448
18 2727192
18 2892968
18 2893508
18 2897824
18 2906500
18 2906904
18 2917792
18 2966184
18 2987056
18 7285388
18 7327044
18 7434204
18 8035440
18 8048984
18 8061832
18 8070160
18 8086972
19 3141420
19 3144624
19 3259184
19 3266272
19 3275060
19 3283580
19 3340452
19 3344308
20 10196576
20 10196664
20 10196760
20 10196968
20 3564016
20 3564588
20 3575688
20 3576076
20 3576116
20 3609172
20 3668704
20 3673744
21 3793548
21 3890256
22 4742300
22 4750908
23 5254340
23 5254484
23 5254724
23 5255520
24 5451692
24 5462168
24 5474584
24 5556240
25 5993964
25 5994856
