3 13.46
3 13.48
3 13.56
3 13.58
3 13.78
3 13.79
3 13.79
3 13.81
3 13.82
3 13.84
3 13.84
3 13.86
3 13.89
3 13.90
3 13.92
3 13.93
3 13.93
3 13.93
3 13.94
3 13.97
3 13.97
3 13.97
3 13.98
3 13.98
3 13.99
3 14.01
3 14.01
3 14.02
3 14.03
3 14.09
4 16.57
4 16.57
4 16.58
4 16.61
4 16.72
4 16.74
4 16.79
4 16.79
4 16.80
4 16.84
4 16.87
4 16.88
4 16.90
4 16.95
4 16.96
4 16.96
4 16.96
4 16.97
4 17.01
4 17.01
4 17.01
4 17.04
4 17.06
4 17.07
4 17.08
4 17.08
4 17.08
4 17.09
4 17.09
4 17.10
4 17.10
4 17.12
4 17.13
4 17.14
4 17.15
4 17.15
4 17.16
4 17.19
4 17.20
4 17.20
4 17.21
4 17.24
4 17.25
4 17.28
4 17.28
4 17.30
4 17.31
4 17.31
4 17.32
4 17.33
4 17.38
4 17.38
4 17.39
4 17.40
4 17.47
4 17.50
4 21.74
4 22.01
4 28.01
4 28.50
5 18.08
5 18.15
5 19.81
5 19.98
5 19.99
5 20.03
5 20.29
5 20.31
5 20.40
5 20.41
5 20.51
5 20.57
5 20.58
5 20.69
5 20.70
5 20.72
5 20.75
5 20.77
5 20.80
5 20.81
5 20.86
5 20.89
5 20.97
5 21.00
5 21.02
5 21.03
5 21.03
5 21.03
5 21.03
5 21.03
5 21.06
5 21.10
5 21.11
5 21.12
5 21.12
5 21.14
5 21.18
5 21.19
5 21.20
5 21.21
5 21.22
5 21.23
5 21.24
5 21.24
5 21.24
5 21.30
5 21.32
5 21.33
5 21.34
5 21.35
5 21.37
5 21.38
5 21.43
5 21.45
5 26.91
5 27.26
6 23.97
6 23.97
6 24.25
6 24.29
6 24.31
6 24.39
6 24.41
6 24.44
6 24.45
6 24.45
6 24.48
6 24.53
6 24.64
6 24.67
6 24.68
6 24.71
6 24.75
6 24.85
6 24.89
6 24.90
6 24.93
6 24.96
6 24.98
6 25.00
6 25.00
6 25.01
6 25.02
6 25.07
6 25.07
6 25.08
6 25.12
6 25.14
6 25.31
6 25.32
6 25.38
6 25.40
6 25.41
6 25.56
6 25.58
6 25.60
6 25.71
6 25.76
6 25.81
6 25.81
6 25.92
6 26.22
6 32.66
6 33.66
6 47.26
6 48.93
7 28.98
7 29.01
7 29.07
7 29.10
7 29.10
7 29.14
7 29.15
7 29.18
7 29.19
7 29.30
7 29.75
7 29.91
7 29.93
7 30.01
7 30.02
7 30.02
7 30.03
7 30.04
7 30.07
7 30.08
7 30.08
7 30.14
7 30.15
7 30.19
7 30.20
7 30.24
7 30.24
7 30.25
7 30.26
7 30.31
7 30.40
7 30.50
7 30.55
7 30.58
7 30.59
7 30.67
7 30.74
7 30.83
7 30.84
7 30.89
7 31.12
7 31.15
7 31.39
7 31.47
7 31.50
7 31.57
7 31.58
7 31.62
7 31.65
7 31.66
7 31.71
7 31.71
7 31.78
7 31.82
7 40.01
7 41.66
8 36.45
8 36.46
8 36.49
8 36.51
8 36.66
8 36.75
8 37.23
8 37.25
8 37.31
8 37.42
8 37.44
8 37.46
8 37.46
8 37.52
8 37.55
8 37.56
8 37.67
8 37.67
8 37.70
8 37.72
8 37.73
8 37.77
8 37.78
8 37.79
8 37.82
8 37.83
8 37.86
8 37.91
8 37.92
8 38.10
8 38.12
8 38.45
8 38.57
8 38.60
8 38.76
8 38.95
8 38.98
8 39.05
8 39.12
8 39.14
8 39.17
8 39.18
8 39.24
8 39.27
8 39.32
8 39.32
8 39.37
8 39.39
8 39.51
8 39.51
8 39.52
8 39.53
8 39.57
8 39.65
8 39.72
8 39.76
8 70.24
8 72.06
8 73.44
8 74.90
8 76.79
8 76.82
8 77.72
8 77.88
8 78.37
8 79.40
9 43.20
9 44.29
9 44.36
9 44.49
9 44.62
9 44.63
9 44.81
9 44.89
9 45.19
9 45.24
9 45.43
9 45.53
9 45.61
9 45.64
9 45.71
9 45.71
9 45.75
9 45.75
9 45.79
9 45.81
9 45.83
9 45.92
9 45.95
9 45.98
9 46.00
9 46.06
9 46.12
9 46.21
9 46.25
9 46.29
9 46.30
9 46.33
9 46.41
9 46.47
9 46.86
9 46.99
9 47.25
9 47.39
9 47.43
9 47.46
9 47.62
9 47.62
9 48.04
9 48.19
9 57.75
9 59.17
10 113.46
10 113.60
10 113.76
10 115.80
10 116.22
10 116.32
10 118.93
10 121.47
10 47.51
10 48.06
10 50.34
10 50.81
10 51.27
10 51.54
10 52.08
10 52.17
10 52.44
10 52.48
10 52.49
10 52.64
10 52.74
10 53.23
10 53.67
10 53.83
10 53.87
10 54.16
10 54.27
10 54.32
10 54.41
10 54.41
10 54.41
10 55.25
10 55.94
10 56.00
10 56.11
10 56.29
10 56.63
10 56.71
10 57.08
10 57.27
10 57.29
10 57.60
10 72.59
10 77.06
11 63.84
11 64.00
11 64.55
11 65.11
11 65.26
11 65.31
11 66.38
11 66.55
11 66.95
11 66.96
11 67.29
11 67.41
11 67.78
11 68.43
11 68.84
11 68.99
11 70.31
11 70.32
12 105.89
12 108.57
12 168.64
12 172.71
12 73.63
12 76.62
12 77.30
12 77.54
12 78.10
12 78.45
12 78.49
12 79.75
12 79.77
12 79.92
12 79.95
12 80.17
13 119.41
13 127.68
13 88.40
13 89.63
13 89.94
13 90.21
13 91.18
13 91.34
13 91.74
13 91.90
13 92.45
13 93.32
14 105.36
14 106.87
14 111.04
14 112.31
14 235.72
14 250.74
15 121.65
15 122.64
15 123.40
15 125.71
15 126.57
15 127.88
15 128.53
15 128.59
16 148.97
16 150.75
16 151.55
16 151.58
16 153.29
16 153.78
16 153.83
16 154.06
16 154.42
16 154.56
16 154.61
16 154.96
16 156.39
16 156.40
16 156.58
16 156.60
16 156.69
16 156.79
16 333.67
16 338.86
16 366.29
16 374.53
17 167.03
17 167.87
17 168.42
17 169.49
17 170.03
17 170.94
17 172.94
17 173.85
17 174.01
17 175.05
17 175.38
17 176.99
17 177.09
17 177.14
17 177.60
17 178.23
17 178.31
17 178.65
18 189.98
18 192.83
18 201.55
18 202.68
18 203.86
18 208.52
18 212.55
18 212.59
18 213.98
18 214.01
18 456.13
18 467.90
18 470.74
18 480.50
18 489.37
18 498.17
18 499.89
18 506.45
19 231.66
19 234.15
19 239.70
19 239.90
19 240.87
19 242.47
19 242.52
19 242.72
20 266.16
20 267.79
20 269.05
20 271.66
20 276.68
20 276.69
20 276.79
20 278.49
20 566.30
20 571.60
20 755.03
20 801.03
21 314.49
21 329.45
22 371.86
22 380.38
23 426.62
23 427.86
23 440.81
23 441.65
24 494.75
24 514.18
24 524.98
24 528.64
25 596.32
25 735.50
