3 758700
3 759116
3 760340
3 760740
3 760832
3 761148
3 761608
3 761848
3 762796
3 763272
3 763288
3 763712
3 763948
3 764080
3 765100
4 786140
4 788400
4 788736
4 789172
4 790880
4 791192
4 791272
4 791496
4 791536
4 791544
4 791552
4 791552
4 791580
4 791628
4 791640
4 791640
4 791644
4 791788
4 791840
4 792060
4 792100
4 792120
4 792188
4 792208
4 797040
4 797736
4 799288
4 799400
4 840684
4 939268
5 823672
5 824276
5 824876
5 825356
5 825964
5 826048
5 826288
5 826372
5 826376
5 826400
5 826464
5 826556
5 826604
5 826936
5 829016
5 829112
5 829820
5 829892
5 830204
5 830680
5 830792
5 830924
5 830992
5 831044
5 831184
5 833980
5 835812
5 903296
6 1216916
6 871528
6 872904
6 874948
6 876700
6 877276
6 878032
6 878908
6 879044
6 879072
6 879136
6 879880
6 880424
6 880580
6 881060
6 881776
6 882076
6 882492
6 882940
6 883512
6 884580
6 886384
6 886744
6 890044
6 953156
7 1078552
7 935692
7 935980
7 936140
7 936420
7 938452
7 940200
7 940452
7 942568
7 942748
7 942968
7 943236
7 944012
7 944232
7 944876
7 945304
7 945676
7 945808
7 950836
7 950848
7 950960
7 951008
7 951024
7 951092
7 951112
7 951416
7 951796
7 964380
8 1002632
8 1015252
8 1018548
8 1020544
8 1021200
8 1021280
8 1021484
8 1021804
8 1022108
8 1023480
8 1025784
8 1027764
8 1029544
8 1033512
8 1033544
8 1034644
8 1037232
8 1037552
8 1037756
8 1037796
8 1037904
8 1038156
8 1038232
8 1038272
8 1038780
8 1039744
8 1051004
8 1053480
8 1570176
8 1578568
8 1589896
8 1626136
8 1651996
9 1113212
9 1121716
9 1122412
9 1123480
9 1123756
9 1124740
9 1125080
9 1125712
9 1126756
9 1129484
9 1130440
9 1131964
9 1132356
9 1133172
9 1134448
9 1140448
9 1142140
9 1143576
9 1143748
9 1145044
9 1147912
9 1154068
9 1294160
10 1212876
10 1213360
10 1213840
10 1214744
10 1215580
10 1218332
10 1218432
10 1221660
10 1224348
10 1224736
10 1227664
10 1231720
10 1234848
10 1243976
10 1254336
10 1262468
10 1283272
10 1461912
10 2105476
10 2120620
10 2124020
10 2153840
11 1337296
11 1348384
11 1362492
11 1365728
11 1368628
11 1376872
11 1378372
11 1380216
11 1391280
12 1468840
12 1492076
12 1509688
12 1511288
12 1518156
12 1520544
12 1792844
12 3011880
13 1651524
13 1657944
13 1664436
13 1668500
13 1700972
13 2081040
14 1877812
14 1914672
14 4239248
15 1999764
15 2045232
15 2094352
15 2095312
16 2331556
16 2333932
16 2349504
16 2352872
16 2356816
16 2360752
16 2364284
16 2366696
16 2367128
16 5897880
16 5940884
17 2584860
17 2586852
17 2587648
17 2600500
17 2604952
17 2616640
17 2645172
17 2648156
17 2650876
18 2898716
18 2901728
18 2911672
18 2956668
18 2967704
18 7750060
18 7764740
18 7768232
18 7768396
19 3146892
19 3149904
19 3150260
19 3162412
20 10394876
20 3708400
20 3712544
20 3718800
20 3797968
20 9668600
21 4219692
22 4614832
23 5283136
23 5372916
24 5916040
24 5939784
25 6863540
