3 14.41
3 14.42
3 14.48
3 14.48
3 14.48
3 14.52
3 14.53
3 14.54
3 14.56
3 14.59
3 14.59
3 14.61
3 14.62
3 14.65
3 14.66
4 17.60
4 17.79
4 17.97
4 18.02
4 18.05
4 18.08
4 18.10
4 18.10
4 18.14
4 18.18
4 18.18
4 18.19
4 18.20
4 18.21
4 18.23
4 18.28
4 18.30
4 18.32
4 18.34
4 18.38
4 18.39
4 18.41
4 18.44
4 18.47
4 18.47
4 18.52
4 18.56
4 18.63
4 23.22
4 29.73
5 21.56
5 21.92
5 21.98
5 22.11
5 22.24
5 22.36
5 22.40
5 22.43
5 22.50
5 22.57
5 22.66
5 22.68
5 22.73
5 22.73
5 22.78
5 22.79
5 22.84
5 22.85
5 22.87
5 22.92
5 22.97
5 22.98
5 23.00
5 23.06
5 23.11
5 23.29
5 23.36
5 29.06
6 25.51
6 25.84
6 26.01
6 26.14
6 26.35
6 26.41
6 26.51
6 26.52
6 26.53
6 26.55
6 26.59
6 26.61
6 26.80
6 27.10
6 27.48
6 27.59
6 27.62
6 27.63
6 27.68
6 27.69
6 27.74
6 27.75
6 27.89
6 36.36
6 51.84
7 31.06
7 31.87
7 31.89
7 32.74
7 32.86
7 32.90
7 32.98
7 32.99
7 33.01
7 33.02
7 33.08
7 33.08
7 33.13
7 33.74
7 33.79
7 33.95
7 34.07
7 34.16
7 34.21
7 34.21
7 34.81
7 34.86
7 34.91
7 34.92
7 34.96
7 35.27
7 35.29
7 46.89
8 39.98
8 40.75
8 41.24
8 41.68
8 41.76
8 41.78
8 41.78
8 41.81
8 41.83
8 41.87
8 41.87
8 41.91
8 42.00
8 42.24
8 42.86
8 42.90
8 42.97
8 43.01
8 43.08
8 43.59
8 44.02
8 44.04
8 44.05
8 44.10
8 44.11
8 44.13
8 44.30
8 44.38
8 82.85
8 84.30
8 84.35
8 84.50
8 87.90
9 48.03
9 48.79
9 49.80
9 50.04
9 50.12
9 50.64
9 51.01
9 51.34
9 51.38
9 51.42
9 51.51
9 51.55
9 51.55
9 51.67
9 51.76
9 52.53
9 52.54
9 52.89
9 53.04
9 53.11
9 53.11
9 54.84
9 70.13
10 126.18
10 128.21
10 129.67
10 130.51
10 57.29
10 58.67
10 59.20
10 59.27
10 60.62
10 61.11
10 61.22
10 61.72
10 62.00
10 63.32
10 63.96
10 64.05
10 64.66
10 64.71
10 64.75
10 64.76
10 64.91
10 86.06
11 73.84
11 76.05
11 76.35
11 76.38
11 76.54
11 76.67
11 80.37
11 80.47
11 80.87
12 122.62
12 195.59
12 85.14
12 86.50
12 88.34
12 88.59
12 88.62
12 88.75
13 103.69
13 104.35
13 106.48
13 106.61
13 110.37
13 144.07
14 126.06
14 128.25
14 277.82
15 144.79
15 149.07
15 149.28
15 149.44
16 177.09
16 177.88
16 180.67
16 182.42
16 182.78
16 182.97
16 183.75
16 183.86
16 184.12
16 393.75
16 410.46
17 202.41
17 208.05
17 208.34
17 208.41
17 208.55
17 209.01
17 209.16
17 209.65
17 209.96
18 238.83
18 241.52
18 249.99
18 252.03
18 252.99
18 536.20
18 541.41
18 543.78
18 560.58
19 276.31
19 285.18
19 285.92
19 286.14
20 331.94
20 333.03
20 335.45
20 397.22
20 857.27
20 861.21
21 401.72
22 478.68
23 574.53
23 576.70
24 691.82
24 713.58
25 990.02
