3 10.09
3 10.11
3 10.11
3 10.12
3 10.16
3 10.17
3 10.17
3 10.18
3 10.19
3 10.19
3 10.20
3 10.25
3 10.33
3 9.88
3 9.90
4 10.90
4 10.91
4 10.92
4 10.93
4 10.95
4 10.95
4 10.95
4 10.95
4 10.96
4 10.96
4 10.97
4 10.98
4 10.99
4 11.01
4 11.01
4 11.06
4 11.09
4 11.09
4 11.11
4 11.13
4 11.18
4 11.19
4 11.21
4 11.21
4 11.22
4 11.24
4 11.24
4 11.24
4 11.24
4 11.29
5 11.74
5 11.75
5 11.80
5 11.99
5 12.01
5 12.07
5 12.08
5 12.08
5 12.08
5 12.09
5 12.11
5 12.11
5 12.12
5 12.13
5 12.15
5 12.17
5 12.18
5 12.18
5 12.19
5 12.20
5 12.22
5 12.28
5 12.30
5 12.31
5 12.32
5 12.33
5 12.34
5 12.35
5 12.37
5 12.48
5 12.56
6 12.84
6 12.85
6 12.88
6 12.88
6 12.96
6 13.00
6 13.00
6 13.03
6 13.06
6 13.10
6 13.34
6 13.39
6 13.42
6 13.43
6 13.45
6 13.46
6 13.48
6 13.52
6 13.53
6 13.62
6 13.63
6 13.70
6 13.71
6 13.78
6 13.79
6 13.84
6 13.95
7 13.97
7 13.97
7 14.08
7 14.11
7 14.19
7 14.23
7 14.23
7 14.35
7 14.36
7 14.38
7 14.39
7 14.46
7 14.47
7 14.77
7 14.85
7 14.89
7 14.90
7 14.98
7 15.03
7 15.08
7 15.19
7 15.24
7 15.25
7 15.39
7 15.42
7 15.42
7 15.47
7 15.48
7 15.55
8 15.56
8 15.66
8 15.71
8 15.88
8 15.97
8 15.99
8 16.04
8 16.07
8 16.08
8 16.10
8 16.12
8 16.16
8 16.19
8 16.21
8 16.23
8 17.10
8 17.12
8 17.29
8 17.31
8 17.32
8 17.33
8 17.33
8 17.37
8 17.46
8 17.47
8 17.50
8 17.50
8 17.56
8 17.58
8 17.59
8 17.64
8 17.67
8 17.72
9 17.69
9 17.72
9 17.73
9 17.76
9 17.80
9 17.84
9 17.94
9 18.16
9 18.20
9 18.20
9 18.28
9 18.36
9 18.47
9 18.65
9 18.85
9 19.19
9 19.44
9 19.48
9 19.50
9 19.62
9 19.76
9 19.87
9 19.91
9 20.02
9 20.05
10 20.05
10 20.17
10 20.28
10 20.50
10 20.55
10 20.56
10 20.58
10 20.62
10 20.75
10 20.79
10 20.80
10 20.91
10 21.34
10 21.40
10 21.92
10 22.02
10 22.09
10 22.22
10 22.33
10 22.36
10 22.37
10 22.37
10 22.40
10 22.49
11 22.57
11 22.75
11 22.80
11 23.21
11 23.40
11 23.43
11 23.47
11 23.52
11 24.75
11 25.14
11 25.22
12 26.00
12 26.01
12 26.25
12 26.28
12 26.29
12 26.56
12 26.59
12 26.73
12 26.78
13 28.77
13 29.33
13 29.41
13 29.76
13 29.91
13 30.20
14 32.55
14 32.91
14 33.33
15 37.01
15 37.73
15 37.97
15 38.10
16 41.77
16 42.83
16 42.92
16 43.06
16 43.11
16 43.19
16 43.19
16 43.19
16 43.40
16 43.71
16 44.23
17 49.00
17 49.95
17 49.99
17 50.02
17 50.08
17 50.40
17 50.45
17 50.73
17 51.11
18 56.20
18 57.58
18 57.87
18 58.24
18 58.25
18 58.49
18 58.51
18 58.65
18 58.75
18 58.81
19 66.19
19 66.25
19 66.48
19 67.21
19 67.22
20 77.30
20 77.65
20 77.67
20 78.76
20 79.04
20 79.12
21 97.40
22 127.40
23 176.35
23 176.65
24 259.49
24 260.12
25 418.33
