3 754944
3 755040
3 755232
3 755976
3 756164
3 756512
3 757148
3 757196
3 757656
3 757664
3 758300
3 758716
3 758744
3 759368
3 759556
4 773768
4 773796
4 773908
4 774024
4 774100
4 774328
4 774404
4 774408
4 774640
4 774908
4 784076
4 784864
4 785048
4 785216
4 785484
4 786000
4 786272
4 786364
4 786612
4 786668
4 786684
4 786756
4 786840
4 787276
4 787536
4 788076
4 789108
4 789312
4 826260
4 940268
5 798844
5 815384
5 816648
5 816804
5 817092
5 817512
5 817760
5 817768
5 818160
5 818380
5 818428
5 818504
5 818980
5 819120
5 819604
5 819884
5 820224
5 820996
5 821156
5 821732
5 822176
5 822448
5 823032
5 823044
5 823056
5 823456
5 825156
5 882020
6 1189956
6 855156
6 855280
6 858120
6 859112
6 859928
6 860632
6 860952
6 862244
6 862400
6 863692
6 863748
6 863780
6 863896
6 865356
6 865528
6 866200
6 867012
6 867264
6 867328
6 868152
6 868472
6 869184
6 873656
6 950400
7 1034704
7 903052
7 905132
7 905412
7 907320
7 908200
7 910384
7 910596
7 911268
7 911444
7 911640
7 911648
7 912536
7 912896
7 913156
7 914900
7 914996
7 915636
7 916740
7 918440
7 930228
7 930332
7 930376
7 935108
7 937024
7 938008
7 939820
7 941056
8 1000696
8 1001192
8 1003656
8 1009280
8 1015140
8 1018704
8 1019288
8 1019732
8 1022592
8 1025372
8 1515436
8 1534804
8 1552184
8 1602024
8 1625496
8 982704
8 986632
8 988052
8 988460
8 988636
8 989072
8 989092
8 989120
8 989196
8 990124
8 990404
8 991080
8 991288
8 992676
8 992684
8 993068
8 996764
8 998368
9 1083764
9 1090296
9 1091096
9 1091288
9 1091636
9 1093428
9 1094916
9 1095428
9 1095820
9 1096284
9 1097360
9 1097752
9 1098108
9 1102320
9 1104272
9 1106960
9 1107884
9 1115632
9 1121560
9 1121776
9 1121988
9 1123768
9 1222176
10 1108856
10 1188948
10 1189756
10 1191888
10 1193804
10 1200164
10 1211584
10 1212012
10 1212296
10 1212380
10 1212508
10 1212540
10 1212688
10 1213100
10 1213328
10 1213424
10 1215380
10 1412312
10 2071540
10 2089380
10 2092628
10 2127764
11 1293364
11 1297100
11 1309568
11 1313080
11 1315724
11 1318032
11 1326084
11 1333256
11 1333520
12 1446256
12 1449984
12 1456520
12 1467884
12 1469852
12 1472808
12 1721064
12 2919712
13 1523988
13 1554280
13 1559456
13 1568476
13 1573072
13 1963024
14 1746328
14 1795856
14 4289832
15 1951492
15 1952364
15 1952448
15 2042224
16 2168456
16 2194000
16 2216520
16 2299596
16 2321996
16 2343584
16 2344192
16 2360724
16 2367420
16 5607372
16 5740236
17 2480980
17 2513088
17 2513428
17 2513800
17 2514040
17 2514152
17 2537892
17 2578336
17 2626016
18 2710448
18 2727192
18 2892968
18 2906500
18 2987056
18 7327044
18 7434204
18 8035440
18 8070160
19 3141420
19 3259184
19 3275060
19 3344308
20 10196760
20 10196968
20 3575688
20 3609172
20 3668704
20 3673744
21 3890256
22 4742300
23 5254340
23 5255520
24 5451692
24 5462168
25 5993964
