3 737136
3 737556
3 737624
3 737624
3 737772
3 737848
3 738092
3 738120
3 738160
3 738216
3 738236
3 738264
3 738268
3 738344
3 738420
4 749708
4 750936
4 751156
4 751344
4 751896
4 751992
4 752028
4 752812
4 752888
4 753420
4 753580
4 755304
4 755416
4 755532
4 755620
4 755640
4 755680
4 756360
4 756524
4 756528
4 756544
4 756780
4 756896
4 756976
4 757228
4 757484
4 758524
4 758904
4 789276
4 789376
5 766712
5 767716
5 768016
5 770656
5 771624
5 771952
5 772092
5 772276
5 772356
5 772452
5 772476
5 772560
5 772608
5 773388
5 773464
5 773592
5 773684
5 773856
5 774168
5 774224
5 774300
5 774432
5 774460
5 774644
5 777228
5 777580
5 777992
5 812988
5 813444
6 785720
6 788752
6 791468
6 791948
6 792388
6 792472
6 792816
6 792888
6 793480
6 793744
6 793976
6 794104
6 794220
6 794304
6 795300
6 795360
6 795772
6 795832
6 796120
6 797328
6 797336
6 797396
6 798796
6 839596
6 845388
7 808364
7 809680
7 809796
7 811604
7 812060
7 812672
7 813220
7 813516
7 813556
7 814060
7 814076
7 814116
7 814276
7 814524
7 814600
7 814788
7 815072
7 815444
7 816592
7 816668
7 817348
7 817748
7 817976
7 817996
7 818264
7 818668
7 818800
7 863716
7 882392
8 835944
8 840420
8 840568
8 841060
8 841816
8 842092
8 842560
8 843984
8 844740
8 845064
8 846308
8 846424
8 847352
8 848040
8 848136
8 852392
8 852768
8 853248
8 853368
8 855536
8 855692
8 855704
8 855872
8 857824
8 857884
8 859232
8 860612
8 861108
8 928264
8 928368
8 929192
8 929380
8 931612
9 869356
9 871932
9 876276
9 877704
9 877964
9 878248
9 879036
9 879316
9 879628
9 879824
9 879960
9 880352
9 881440
9 882404
9 884492
9 886244
9 887572
9 889948
9 889976
9 890216
9 892164
9 894100
9 950424
9 981828
10 1030256
10 1033944
10 1034648
10 1036392
10 1036656
10 911556
10 916200
10 918340
10 921456
10 923652
10 924460
10 924968
10 925756
10 926376
10 926392
10 927908
10 929208
10 930340
10 931716
10 932456
10 935264
10 936328
11 961100
11 967768
11 972772
11 977692
11 977776
11 979108
11 979404
11 980424
11 981972
12 1026840
12 1026992
12 1027268
12 1033392
12 1035456
12 1035856
12 1172376
12 1187008
13 1088952
13 1095320
13 1111292
13 1115784
13 1115796
13 1221220
14 1172060
14 1172456
14 1435596
15 1220036
15 1226040
15 1264452
15 1264932
16 1430664
16 1440796
16 1440948
16 1441744
16 1443068
16 1443764
16 1445604
16 1445876
16 1461540
16 1658236
16 1672640
17 1496500
17 1511632
17 1521992
17 1522712
17 1530536
17 1530580
17 1530896
17 1589868
17 1600056
18 1638512
18 1662140
18 1663356
18 1664140
18 1690552
18 1930724
18 1959192
18 1964032
18 1966264
19 1795016
19 1799332
19 1801104
19 1815772
20 1835812
20 1860248
20 1882608
20 1981876
20 2285192
20 2342764
21 2096640
22 2277932
23 2469668
23 2477600
24 2614684
24 2618020
25 2823344
