bitwidth nlimbs real user sys mem
64 3 10.43 10.17 0.25 721408
64 3 10.30 10.00 0.29 721196
64 3 10.55 10.22 0.32 721636
64 3 10.54 10.24 0.28 722664
64 3 10.48 10.18 0.29 723192
64 3 10.50 10.20 0.29 722268
64 3 10.46 10.17 0.29 721084
64 3 10.47 10.20 0.26 721600
64 3 10.24 9.94 0.29 721436
64 3 10.53 10.21 0.31 723448
64 3 10.43 10.13 0.27 724732
64 3 10.25 9.95 0.29 723568
64 3 10.56 10.26 0.29 724424
64 3 10.57 10.28 0.29 724068
64 3 10.54 10.28 0.26 724080
64 4 11.31 11.00 0.30 728424
64 4 11.37 11.04 0.33 728196
64 4 11.18 10.92 0.25 728772
64 4 10.93 10.60 0.32 729036
64 4 11.20 10.93 0.26 729316
64 4 11.30 11.00 0.29 729364
64 4 11.27 10.97 0.28 729488
64 4 11.01 10.71 0.28 729888
64 4 11.33 11.01 0.30 728808
64 4 11.31 11.03 0.27 728788
64 4 11.33 11.03 0.28 728928
64 4 11.08 10.78 0.27 729416
64 4 11.04 10.77 0.25 730608
64 4 11.34 11.05 0.27 730968
64 4 11.37 11.04 0.32 729508
64 4 11.37 11.11 0.24 729420
64 4 11.47 11.18 0.28 729520
64 4 11.47 11.16 0.28 730164
64 4 11.51 11.26 0.24 729820
64 4 11.42 11.11 0.31 730920
64 4 11.46 11.11 0.34 730380
64 4 11.19 10.92 0.26 730172
64 4 11.22 10.99 0.23 729776
64 4 11.47 11.15 0.31 729804
64 4 11.26 10.95 0.30 728764
64 4 11.55 11.27 0.28 728140
64 4 11.54 11.25 0.29 728236
64 4 11.58 11.26 0.31 729288
64 4 11.63 11.31 0.29 729252
64 4 11.52 11.21 0.30 729300
32 5 12.29 11.97 0.30 736732
32 5 12.05 11.76 0.28 735692
32 5 11.76 11.45 0.30 735736
32 5 12.03 11.73 0.29 736044
64 5 12.40 12.14 0.25 737412
64 5 12.40 12.11 0.29 737756
64 5 12.37 12.10 0.26 738372
64 5 12.08 11.80 0.27 737360
64 5 12.41 12.10 0.31 736632
64 5 12.52 12.21 0.29 738512
64 5 12.49 12.19 0.29 738352
64 5 12.22 11.94 0.25 737804
64 5 12.52 12.26 0.25 737416
64 5 12.48 12.16 0.31 736700
64 5 12.57 12.19 0.37 737108
64 5 12.48 12.18 0.29 737588
64 5 12.51 12.14 0.35 738176
64 5 12.55 12.31 0.23 737808
64 5 12.18 11.88 0.30 737708
64 5 12.57 12.28 0.28 739416
64 5 12.51 12.21 0.29 737300
64 5 12.52 12.18 0.33 736804
64 5 12.31 12.05 0.26 737552
64 5 12.65 12.34 0.30 737144
64 5 12.64 12.35 0.28 736448
64 5 12.38 12.10 0.28 737740
64 5 12.66 12.30 0.34 738348
64 5 12.84 12.50 0.33 737948
64 5 12.83 12.52 0.29 738172
64 5 12.79 12.44 0.34 738284
32 6 13.26 12.95 0.30 746588
32 6 13.17 12.83 0.33 746072
32 6 13.17 12.86 0.30 746228
32 6 13.13 12.80 0.31 744196
32 6 13.13 12.80 0.32 742276
32 6 12.93 12.63 0.30 742312
32 6 13.02 12.75 0.27 745028
32 6 13.42 13.07 0.34 744220
32 6 13.41 13.09 0.32 744784
32 6 13.42 13.15 0.26 744696
32 6 13.46 13.18 0.27 742544
64 6 13.80 13.53 0.26 743880
64 6 13.79 13.48 0.30 744556
64 6 13.85 13.52 0.31 745016
64 6 13.50 13.18 0.31 745584
64 6 13.85 13.56 0.29 745740
64 6 13.57 13.27 0.29 746912
64 6 13.89 13.63 0.25 747936
64 6 13.90 13.62 0.27 747460
64 6 13.84 13.54 0.29 747540
64 6 13.98 13.68 0.30 747808
64 6 14.04 13.74 0.27 749596
64 6 14.07 13.73 0.33 749968
64 6 14.17 13.86 0.30 752508
64 6 14.09 13.77 0.31 754488
64 6 14.17 13.85 0.31 752468
64 6 13.80 13.51 0.28 753232
32 7 14.58 14.32 0.26 757468
32 7 14.70 14.35 0.35 758072
32 7 14.68 14.30 0.37 756328
32 7 14.66 14.36 0.29 756360
32 7 14.69 14.42 0.27 756364
32 7 14.67 14.37 0.29 757312
32 7 14.74 14.42 0.31 757660
32 7 14.73 14.39 0.32 758456
32 7 14.68 14.36 0.31 757424
32 7 14.40 14.10 0.30 759904
32 7 14.84 14.53 0.27 759420
32 7 14.70 14.36 0.33 758008
32 7 14.47 14.14 0.32 757460
64 7 15.35 15.05 0.29 759744
64 7 15.26 14.95 0.29 758496
64 7 15.25 14.95 0.29 760404
64 7 15.55 15.22 0.31 761920
64 7 15.59 15.25 0.31 762284
64 7 15.59 15.31 0.27 757428
64 7 15.32 15.00 0.30 763160
64 7 15.69 15.38 0.30 760064
64 7 15.84 15.47 0.34 760348
64 7 15.41 15.10 0.30 760908
64 7 15.48 15.14 0.30 761004
64 7 15.78 15.44 0.33 760664
64 7 15.77 15.43 0.33 761452
64 7 15.49 14.92 0.53 761824
64 7 15.44 15.16 0.27 766120
64 7 15.88 15.58 0.29 760080
32 8 15.88 15.54 0.32 767040
32 8 16.31 15.99 0.31 768932
32 8 16.32 16.00 0.31 768256
32 8 16.38 16.05 0.33 768620
32 8 16.42 16.07 0.34 768272
32 8 16.40 16.11 0.28 768228
32 8 16.00 15.71 0.28 767636
32 8 16.53 16.19 0.31 768296
32 8 16.06 15.75 0.30 764120
32 8 16.53 16.19 0.33 768228
32 8 16.09 15.80 0.29 771332
32 8 16.46 16.12 0.33 771200
32 8 16.56 16.22 0.32 772064
32 8 16.13 15.79 0.33 771720
32 8 16.35 16.11 0.24 773752
64 8 17.29 16.99 0.29 772964
64 8 17.74 17.42 0.31 771788
64 8 17.79 17.48 0.30 772244
64 8 17.80 17.52 0.27 772328
64 8 17.70 17.38 0.31 772596
64 8 17.74 17.45 0.29 772432
64 8 17.69 17.39 0.29 772060
64 8 17.39 17.07 0.31 773888
64 8 17.84 17.46 0.35 772592
64 8 17.41 17.10 0.30 773368
64 8 17.94 17.63 0.30 773816
64 8 17.96 17.67 0.29 773668
64 8 17.99 17.71 0.27 772588
64 8 17.67 17.37 0.29 772796
64 8 18.15 17.74 0.32 779436
64 8 17.90 17.61 0.28 772016
64 8 18.08 17.79 0.28 772320
64 8 18.14 17.79 0.33 783244
32 9 18.63 18.30 0.30 787904
32 9 18.59 18.29 0.29 787456
32 9 18.15 17.84 0.31 788088
32 9 18.59 18.24 0.34 788048
32 9 18.65 18.32 0.32 785784
32 9 18.60 18.33 0.27 786404
32 9 18.08 17.78 0.30 787804
32 9 18.62 18.32 0.29 786528
32 9 18.25 17.78 0.45 787296
32 9 18.55 18.22 0.33 784436
32 9 18.90 18.57 0.32 786472
32 9 18.81 18.47 0.31 786332
32 9 18.27 17.98 0.28 787996
32 9 19.05 18.53 0.48 787704
64 9 19.21 18.87 0.33 787396
64 9 19.41 19.10 0.30 787684
64 9 19.91 19.64 0.27 787928
64 9 19.97 19.62 0.34 800076
64 9 19.81 19.50 0.30 795672
64 9 20.10 19.78 0.31 788152
64 9 19.67 19.34 0.32 788500
64 9 20.32 20.00 0.31 798264
64 9 20.23 19.90 0.32 796932
64 9 20.29 19.98 0.31 797588
64 9 20.38 20.05 0.32 797320
32 10 20.36 20.07 0.28 804848
32 10 20.87 20.55 0.30 805480
32 10 21.04 20.70 0.34 803272
32 10 21.05 20.66 0.35 803484
32 10 20.39 20.05 0.33 805416
32 10 20.56 20.23 0.32 802348
32 10 21.05 20.75 0.29 804636
32 10 21.11 20.82 0.28 807928
32 10 21.07 20.69 0.37 802336
32 10 20.51 20.19 0.31 804564
32 10 21.17 20.83 0.34 807532
64 10 21.70 21.38 0.30 806064
64 10 22.16 21.81 0.35 805628
64 10 22.53 22.22 0.30 810960
64 10 21.92 21.57 0.34 806476
64 10 22.58 22.22 0.35 818880
64 10 22.60 22.26 0.29 816052
64 10 22.71 22.33 0.37 809232
64 10 22.71 22.30 0.40 805016
64 10 22.36 22.04 0.31 813540
64 10 22.62 22.21 0.41 813468
64 10 22.73 22.37 0.35 813100
64 10 22.86 22.51 0.34 811020
32 11 23.61 23.29 0.31 824188
32 11 23.63 23.24 0.38 824688
32 11 23.58 23.21 0.36 825504
32 11 23.12 22.69 0.40 819004
32 11 23.20 22.89 0.30 823444
32 11 24.00 23.63 0.36 821284
32 11 23.15 22.83 0.32 824036
32 11 23.30 22.93 0.35 819732
64 11 25.55 25.22 0.32 825176
64 11 25.10 24.79 0.30 823464
64 11 25.68 25.20 0.45 824000
32 12 26.48 26.06 0.41 833768
32 12 25.97 25.70 0.27 838828
32 12 26.80 26.29 0.48 838356
32 12 26.60 26.27 0.33 838860
32 12 26.73 26.27 0.45 833052
32 12 26.76 26.36 0.39 836808
32 12 27.16 26.78 0.38 833712
32 12 27.12 26.74 0.37 840996
32 12 26.19 25.78 0.41 830624
32 13 30.50 30.13 0.33 862888
32 13 30.14 29.76 0.37 860768
32 13 29.85 29.19 0.62 863684
32 13 29.84 29.38 0.41 862436
32 13 30.76 30.38 0.37 865676
32 13 29.71 29.31 0.39 858824
32 14 32.39 32.04 0.34 897624
32 14 33.82 33.44 0.37 897908
32 14 32.94 32.56 0.38 898208
32 15 37.17 36.81 0.35 909260
32 15 37.31 36.86 0.40 924396
32 15 38.43 38.01 0.41 906136
32 15 38.49 38.07 0.41 917992
32 16 43.27 42.92 0.34 947792
32 16 43.36 42.92 0.44 956684
32 16 43.48 43.04 0.37 954076
32 16 43.27 42.86 0.40 957688
32 16 43.10 42.62 0.47 957072
32 16 43.47 42.81 0.60 947600
32 16 42.32 41.86 0.44 965272
32 16 43.63 43.12 0.45 947212
32 16 43.68 43.30 0.37 954332
32 16 43.52 43.13 0.38 968936
32 16 44.42 43.96 0.45 948440
32 17 49.85 49.47 0.35 989304
32 17 49.29 48.85 0.43 989000
32 17 49.23 48.87 0.35 987924
32 17 50.29 49.82 0.45 988788
32 17 49.57 49.18 0.38 985076
32 17 49.44 49.02 0.42 981168
32 17 50.80 50.33 0.41 989972
32 17 50.91 50.43 0.47 991348
32 17 51.07 50.61 0.45 985900
32 18 58.02 57.58 0.43 1042828
32 18 57.75 57.26 0.48 1023952
32 18 56.64 56.24 0.40 1023176
32 18 58.08 57.64 0.43 1042792
32 18 57.17 56.77 0.37 1056612
32 18 58.10 57.69 0.40 1027484
32 18 57.90 57.48 0.41 1018032
32 18 58.78 58.31 0.46 1021340
32 18 58.83 58.38 0.44 1024036
32 18 58.80 58.38 0.40 1047556
32 19 65.59 65.14 0.44 1090684
32 19 68.00 67.51 0.47 1097040
32 19 67.13 66.63 0.49 1098244
32 19 67.70 67.23 0.46 1093860
32 19 68.03 67.53 0.48 1085356
32 20 78.53 78.08 0.44 1131772
32 20 77.66 77.11 0.45 1131304
32 20 77.94 77.44 0.49 1126608
32 20 77.87 77.40 0.46 1147768
32 20 78.10 77.60 0.48 1153012
32 20 79.86 79.26 0.58 1131444
32 21 98.32 97.82 0.49 1192480
32 22 128.39 127.79 0.59 1271756
32 23 177.34 176.80 0.54 1352980
32 23 174.36 173.88 0.46 1352724
32 24 259.94 259.28 0.65 1405984
32 24 260.67 259.70 0.66 1406412
32 25 424.34 423.54 0.78 1493716
