3 14.70
3 14.76
3 14.80
3 14.82
3 14.84
3 14.85
3 14.85
3 14.87
3 14.88
3 14.91
3 14.93
3 14.95
3 14.97
3 14.98
3 14.99
4 17.93
4 18.14
4 18.29
4 18.33
4 18.39
4 18.46
4 18.47
4 18.49
4 18.49
4 18.50
4 18.53
4 18.53
4 18.54
4 18.54
4 18.57
4 18.58
4 18.60
4 18.65
4 18.66
4 18.73
4 18.74
4 18.76
4 18.78
4 18.81
4 18.83
4 18.89
4 18.89
4 18.92
4 23.59
4 30.15
5 21.93
5 22.32
5 22.34
5 22.48
5 22.60
5 22.72
5 22.78
5 22.79
5 22.86
5 22.99
5 23.00
5 23.04
5 23.09
5 23.09
5 23.14
5 23.21
5 23.22
5 23.26
5 23.27
5 23.28
5 23.32
5 23.33
5 23.35
5 23.42
5 23.49
5 23.69
5 23.73
5 29.44
6 25.84
6 26.30
6 26.40
6 26.46
6 26.72
6 26.78
6 26.89
6 26.93
6 26.95
6 26.96
6 26.97
6 27.07
6 27.13
6 27.49
6 27.82
6 27.95
6 27.97
6 28.06
6 28.07
6 28.10
6 28.20
6 28.22
6 28.34
6 36.76
6 52.83
7 31.47
7 32.31
7 32.35
7 33.16
7 33.28
7 33.33
7 33.36
7 33.42
7 33.43
7 33.51
7 33.51
7 33.53
7 33.62
7 34.21
7 34.25
7 34.38
7 34.56
7 34.59
7 34.60
7 34.61
7 35.25
7 35.25
7 35.39
7 35.43
7 35.44
7 35.67
7 35.73
7 47.49
8 40.47
8 41.20
8 41.72
8 42.18
8 42.22
8 42.25
8 42.26
8 42.27
8 42.27
8 42.32
8 42.40
8 42.52
8 42.63
8 42.70
8 43.30
8 43.38
8 43.39
8 43.50
8 43.52
8 44.08
8 44.51
8 44.53
8 44.53
8 44.56
8 44.57
8 44.66
8 44.80
8 44.86
8 83.71
8 85.28
8 85.44
8 85.53
8 88.83
9 48.54
9 49.29
9 50.28
9 50.69
9 50.69
9 51.15
9 51.54
9 51.91
9 51.93
9 51.96
9 52.05
9 52.11
9 52.30
9 52.32
9 52.42
9 53.07
9 53.17
9 53.37
9 53.68
9 53.74
9 53.76
9 55.39
9 70.82
10 127.57
10 129.46
10 130.85
10 131.75
10 57.89
10 59.26
10 59.82
10 59.87
10 61.23
10 61.73
10 61.85
10 62.31
10 62.57
10 63.95
10 64.60
10 64.70
10 65.31
10 65.34
10 65.38
10 65.47
10 65.53
10 87.08
11 74.53
11 76.74
11 77.07
11 77.11
11 77.22
11 77.39
11 81.06
11 81.41
11 81.61
12 123.38
12 197.46
12 85.98
12 87.23
12 89.27
12 89.30
12 89.38
12 89.51
13 104.49
13 105.25
13 107.29
13 107.42
13 111.16
13 145.28
14 127.14
14 129.22
14 280.02
15 146.04
15 150.24
15 150.37
15 150.46
16 178.21
16 179.13
16 181.74
16 183.66
16 183.89
16 184.16
16 184.94
16 185.00
16 185.43
16 396.76
16 413.43
17 203.53
17 209.32
17 209.82
17 210.20
17 210.34
17 210.45
17 210.51
17 210.82
17 211.23
18 240.60
18 242.94
18 251.28
18 253.48
18 254.43
18 540.24
18 545.29
18 547.70
18 564.58
19 277.89
19 287.25
19 287.57
19 287.73
20 334.33
20 334.89
20 337.28
20 405.96
20 881.51
20 885.16
21 403.65
22 481.84
23 577.07
23 578.91
24 694.44
24 716.22
25 993.53
