3 721084
3 721196
3 721200
3 721236
3 721408
3 721436
3 721468
3 721600
3 721636
3 721680
3 721692
3 721868
3 722268
3 722664
3 722860
3 722964
3 723192
3 723220
3 723448
3 723496
3 723568
3 723692
3 723860
3 724068
3 724080
3 724424
3 724444
3 724476
3 724540
3 724732
4 727688
4 728140
4 728168
4 728196
4 728236
4 728248
4 728416
4 728424
4 728616
4 728764
4 728768
4 728772
4 728788
4 728808
4 728836
4 728872
4 728928
4 728996
4 729036
4 729096
4 729116
4 729120
4 729128
4 729160
4 729252
4 729288
4 729300
4 729316
4 729340
4 729364
4 729392
4 729416
4 729420
4 729488
4 729508
4 729520
4 729548
4 729748
4 729768
4 729776
4 729804
4 729820
4 729824
4 729888
4 729888
4 729992
4 730008
4 730048
4 730164
4 730172
4 730252
4 730380
4 730388
4 730484
4 730608
4 730752
4 730920
4 730968
4 731696
4 731764
5 735672
5 735692
5 735736
5 736028
5 736044
5 736056
5 736448
5 736460
5 736600
5 736632
5 736700
5 736732
5 736804
5 737020
5 737108
5 737144
5 737148
5 737192
5 737248
5 737300
5 737360
5 737392
5 737412
5 737416
5 737512
5 737520
5 737532
5 737552
5 737588
5 737708
5 737732
5 737740
5 737756
5 737804
5 737808
5 737944
5 737948
5 737972
5 737976
5 738040
5 738072
5 738096
5 738104
5 738172
5 738176
5 738192
5 738256
5 738284
5 738348
5 738352
5 738360
5 738360
5 738372
5 738512
5 738512
5 738520
5 738532
5 738536
5 738708
5 739012
5 739416
5 739564
6 742028
6 742276
6 742312
6 742436
6 742516
6 742544
6 742984
6 743268
6 743776
6 743880
6 744196
6 744220
6 744264
6 744428
6 744556
6 744608
6 744696
6 744784
6 744788
6 744940
6 745016
6 745028
6 745160
6 745184
6 745304
6 745584
6 745740
6 746072
6 746228
6 746532
6 746532
6 746588
6 746632
6 746644
6 746912
6 746916
6 747460
6 747492
6 747540
6 747808
6 747936
6 748376
6 749556
6 749596
6 749968
6 752000
6 752308
6 752468
6 752508
6 752800
6 753160
6 753232
6 753608
6 754488
7 756060
7 756148
7 756328
7 756360
7 756364
7 756556
7 756876
7 757312
7 757328
7 757424
7 757428
7 757460
7 757468
7 757484
7 757660
7 757696
7 757728
7 757928
7 758008
7 758072
7 758292
7 758456
7 758496
7 758496
7 758556
7 758752
7 758968
7 759312
7 759392
7 759420
7 759744
7 759904
7 760028
7 760064
7 760080
7 760116
7 760264
7 760348
7 760404
7 760664
7 760800
7 760812
7 760908
7 760952
7 761004
7 761036
7 761452
7 761824
7 761920
7 761960
7 762128
7 762252
7 762284
7 762556
7 763160
7 764028
7 764580
7 766120
8 764120
8 765404
8 766404
8 766828
8 767016
8 767040
8 767084
8 767432
8 767584
8 767636
8 768228
8 768228
8 768256
8 768272
8 768296
8 768620
8 768808
8 768932
8 769012
8 769152
8 769396
8 770032
8 770868
8 770980
8 771200
8 771332
8 771636
8 771720
8 771788
8 771984
8 772016
8 772060
8 772064
8 772216
8 772244
8 772320
8 772328
8 772372
8 772416
8 772432
8 772544
8 772584
8 772588
8 772592
8 772596
8 772644
8 772796
8 772820
8 772848
8 772864
8 772912
8 772920
8 772928
8 772964
8 772980
8 773052
8 773368
8 773624
8 773660
8 773668
8 773752
8 773816
8 773888
8 774096
8 779436
8 783244
9 784436
9 785508
9 785784
9 785820
9 786112
9 786332
9 786404
9 786472
9 786528
9 786808
9 787004
9 787108
9 787160
9 787296
9 787396
9 787452
9 787456
9 787464
9 787600
9 787684
9 787704
9 787712
9 787804
9 787904
9 787908
9 787928
9 787964
9 787996
9 788024
9 788048
9 788088
9 788152
9 788220
9 788300
9 788476
9 788500
9 788532
9 788656
9 788688
9 788756
9 788760
9 789136
9 789352
9 789860
9 795672
9 796932
9 797320
9 797588
9 798264
9 800076
10 802336
10 802348
10 802372
10 802396
10 802964
10 803116
10 803272
10 803484
10 803748
10 804244
10 804564
10 804636
10 804848
10 804864
10 804920
10 804932
10 805016
10 805100
10 805388
10 805416
10 805432
10 805480
10 805628
10 805628
10 805904
10 806000
10 806000
10 806032
10 806064
10 806476
10 806740
10 807532
10 807928
10 808456
10 808828
10 809232
10 809324
10 810264
10 810744
10 810960
10 811020
10 812444
10 813100
10 813468
10 813540
10 814824
10 816052
10 818880
11 818004
11 818448
11 819004
11 819732
11 820296
11 821284
11 821452
11 821824
11 822524
11 823324
11 823444
11 823464
11 823788
11 823992
11 824000
11 824036
11 824188
11 824452
11 824688
11 825176
11 825504
11 825812
12 828508
12 830624
12 830848
12 833052
12 833436
12 833712
12 833768
12 834112
12 836000
12 836016
12 836276
12 836480
12 836556
12 836808
12 838356
12 838828
12 838860
12 840996
13 855540
13 858824
13 858932
13 860768
13 861008
13 862436
13 862784
13 862888
13 863684
13 865676
13 866584
13 867048
14 896620
14 897116
14 897624
14 897908
14 898208
14 898224
15 906136
15 906288
15 906796
15 907840
15 909260
15 917992
15 924396
15 926812
16 947212
16 947292
16 947372
16 947600
16 947792
16 948404
16 948440
16 950988
16 951260
16 953884
16 953968
16 954076
16 954332
16 956684
16 957072
16 957688
16 957868
16 961772
16 965272
16 967236
16 968936
16 969560
17 981168
17 985076
17 985092
17 985900
17 985904
17 985980
17 986716
17 987816
17 987924
17 988788
17 989000
17 989304
17 989412
17 989972
17 990836
17 991340
17 991348
17 991892
18 1018032
18 1021340
18 1022848
18 1022864
18 1023176
18 1023392
18 1023856
18 1023952
18 1024036
18 1024324
18 1026476
18 1027484
18 1042792
18 1042828
18 1045436
18 1047556
18 1050204
18 1050444
18 1056612
18 1060296
19 1082924
19 1085356
19 1085424
19 1090684
19 1092748
19 1093860
19 1096832
19 1097040
19 1098140
19 1098244
20 1126608
20 1129552
20 1130788
20 1131304
20 1131444
20 1131772
20 1140112
20 1146996
20 1147592
20 1147768
20 1152228
20 1153012
21 1192480
21 1193140
22 1271756
22 1272452
23 1352724
23 1352980
23 1353020
23 1353052
24 1405984
24 1406192
24 1406412
24 1406912
25 1493716
25 1493788
