3 10.00
3 10.09
3 10.11
3 10.11
3 10.12
3 10.13
3 10.16
3 10.17
3 10.17
3 10.17
3 10.17
3 10.18
3 10.18
3 10.19
3 10.19
3 10.20
3 10.20
3 10.20
3 10.21
3 10.22
3 10.24
3 10.25
3 10.26
3 10.28
3 10.28
3 10.33
3 9.88
3 9.90
3 9.94
3 9.95
4 10.60
4 10.71
4 10.77
4 10.78
4 10.90
4 10.91
4 10.92
4 10.92
4 10.92
4 10.93
4 10.93
4 10.95
4 10.95
4 10.95
4 10.95
4 10.95
4 10.96
4 10.96
4 10.97
4 10.97
4 10.98
4 10.99
4 10.99
4 11.00
4 11.00
4 11.01
4 11.01
4 11.01
4 11.03
4 11.03
4 11.04
4 11.04
4 11.05
4 11.06
4 11.09
4 11.09
4 11.11
4 11.11
4 11.11
4 11.11
4 11.13
4 11.15
4 11.16
4 11.18
4 11.18
4 11.19
4 11.21
4 11.21
4 11.21
4 11.22
4 11.24
4 11.24
4 11.24
4 11.24
4 11.25
4 11.26
4 11.26
4 11.27
4 11.29
4 11.31
5 11.45
5 11.73
5 11.74
5 11.75
5 11.76
5 11.80
5 11.80
5 11.88
5 11.94
5 11.97
5 11.99
5 12.01
5 12.05
5 12.07
5 12.08
5 12.08
5 12.08
5 12.09
5 12.10
5 12.10
5 12.10
5 12.11
5 12.11
5 12.11
5 12.12
5 12.13
5 12.14
5 12.14
5 12.15
5 12.16
5 12.17
5 12.18
5 12.18
5 12.18
5 12.18
5 12.19
5 12.19
5 12.19
5 12.20
5 12.21
5 12.21
5 12.22
5 12.26
5 12.28
5 12.28
5 12.30
5 12.30
5 12.31
5 12.31
5 12.32
5 12.33
5 12.34
5 12.34
5 12.35
5 12.35
5 12.37
5 12.37
5 12.44
5 12.48
5 12.50
5 12.52
5 12.56
6 12.63
6 12.75
6 12.80
6 12.80
6 12.83
6 12.84
6 12.85
6 12.86
6 12.88
6 12.88
6 12.95
6 12.96
6 13.00
6 13.00
6 13.03
6 13.06
6 13.07
6 13.09
6 13.10
6 13.15
6 13.18
6 13.18
6 13.27
6 13.34
6 13.39
6 13.42
6 13.43
6 13.45
6 13.46
6 13.48
6 13.48
6 13.51
6 13.52
6 13.52
6 13.53
6 13.53
6 13.54
6 13.56
6 13.62
6 13.62
6 13.63
6 13.63
6 13.68
6 13.70
6 13.71
6 13.73
6 13.74
6 13.77
6 13.78
6 13.79
6 13.84
6 13.85
6 13.86
6 13.95
7 13.97
7 13.97
7 14.08
7 14.10
7 14.11
7 14.14
7 14.19
7 14.23
7 14.23
7 14.30
7 14.32
7 14.35
7 14.35
7 14.36
7 14.36
7 14.36
7 14.36
7 14.37
7 14.38
7 14.39
7 14.39
7 14.42
7 14.42
7 14.46
7 14.47
7 14.53
7 14.77
7 14.85
7 14.89
7 14.90
7 14.92
7 14.95
7 14.95
7 14.98
7 15.00
7 15.03
7 15.05
7 15.08
7 15.10
7 15.14
7 15.16
7 15.19
7 15.22
7 15.24
7 15.25
7 15.25
7 15.31
7 15.38
7 15.39
7 15.42
7 15.42
7 15.43
7 15.44
7 15.47
7 15.47
7 15.48
7 15.55
7 15.58
8 15.54
8 15.56
8 15.66
8 15.71
8 15.71
8 15.75
8 15.79
8 15.80
8 15.88
8 15.97
8 15.99
8 15.99
8 16.00
8 16.04
8 16.05
8 16.07
8 16.07
8 16.08
8 16.10
8 16.11
8 16.11
8 16.12
8 16.12
8 16.16
8 16.19
8 16.19
8 16.19
8 16.21
8 16.22
8 16.23
8 16.99
8 17.07
8 17.10
8 17.10
8 17.12
8 17.29
8 17.31
8 17.32
8 17.33
8 17.33
8 17.37
8 17.37
8 17.38
8 17.39
8 17.42
8 17.45
8 17.46
8 17.46
8 17.47
8 17.48
8 17.50
8 17.50
8 17.52
8 17.56
8 17.58
8 17.59
8 17.61
8 17.63
8 17.64
8 17.67
8 17.67
8 17.71
8 17.72
8 17.74
8 17.79
8 17.79
9 17.69
9 17.72
9 17.73
9 17.76
9 17.78
9 17.78
9 17.80
9 17.84
9 17.84
9 17.94
9 17.98
9 18.16
9 18.20
9 18.20
9 18.22
9 18.24
9 18.28
9 18.29
9 18.30
9 18.32
9 18.32
9 18.33
9 18.36
9 18.47
9 18.47
9 18.53
9 18.57
9 18.65
9 18.85
9 18.87
9 19.10
9 19.19
9 19.34
9 19.44
9 19.48
9 19.50
9 19.50
9 19.62
9 19.62
9 19.64
9 19.76
9 19.78
9 19.87
9 19.90
9 19.91
9 19.98
9 20.00
9 20.02
9 20.05
9 20.05
10 20.05
10 20.05
10 20.07
10 20.17
10 20.19
10 20.23
10 20.28
10 20.31
10 20.50
10 20.55
10 20.55
10 20.56
10 20.58
10 20.62
10 20.66
10 20.69
10 20.70
10 20.75
10 20.75
10 20.79
10 20.80
10 20.82
10 20.83
10 20.91
10 21.34
10 21.38
10 21.40
10 21.57
10 21.81
10 21.92
10 22.02
10 22.04
10 22.09
10 22.21
10 22.22
10 22.22
10 22.22
10 22.26
10 22.30
10 22.33
10 22.33
10 22.36
10 22.37
10 22.37
10 22.37
10 22.40
10 22.49
10 22.51
11 22.57
11 22.69
11 22.75
11 22.80
11 22.83
11 22.89
11 22.93
11 23.21
11 23.21
11 23.24
11 23.29
11 23.40
11 23.43
11 23.47
11 23.52
11 23.63
11 24.75
11 24.79
11 25.14
11 25.20
11 25.22
11 25.22
12 25.70
12 25.78
12 26.00
12 26.01
12 26.06
12 26.25
12 26.27
12 26.27
12 26.28
12 26.29
12 26.29
12 26.36
12 26.56
12 26.59
12 26.73
12 26.74
12 26.78
12 26.78
13 28.77
13 29.19
13 29.31
13 29.33
13 29.38
13 29.41
13 29.76
13 29.76
13 29.91
13 30.13
13 30.20
13 30.38
14 32.04
14 32.55
14 32.56
14 32.91
14 33.33
14 33.44
15 36.81
15 36.86
15 37.01
15 37.73
15 37.97
15 38.01
15 38.07
15 38.10
16 41.77
16 41.86
16 42.62
16 42.81
16 42.83
16 42.86
16 42.92
16 42.92
16 42.92
16 43.04
16 43.06
16 43.11
16 43.12
16 43.13
16 43.19
16 43.19
16 43.19
16 43.30
16 43.40
16 43.71
16 43.96
16 44.23
17 48.85
17 48.87
17 49.00
17 49.02
17 49.18
17 49.47
17 49.82
17 49.95
17 49.99
17 50.02
17 50.08
17 50.33
17 50.40
17 50.43
17 50.45
17 50.61
17 50.73
17 51.11
18 56.20
18 56.24
18 56.77
18 57.26
18 57.48
18 57.58
18 57.58
18 57.64
18 57.69
18 57.87
18 58.24
18 58.25
18 58.31
18 58.38
18 58.38
18 58.49
18 58.51
18 58.65
18 58.75
18 58.81
19 65.14
19 66.19
19 66.25
19 66.48
19 66.63
19 67.21
19 67.22
19 67.23
19 67.51
19 67.53
20 77.11
20 77.30
20 77.40
20 77.44
20 77.60
20 77.65
20 77.67
20 78.08
20 78.76
20 79.04
20 79.12
20 79.26
21 97.40
21 97.82
22 127.40
22 127.79
23 173.88
23 176.35
23 176.65
23 176.80
24 259.28
24 259.49
24 259.70
24 260.12
25 418.33
25 423.54
