3 11.49
3 11.52
3 11.53
3 11.61
3 11.63
3 11.64
3 11.66
3 11.66
3 11.67
3 11.67
3 11.67
3 11.67
3 11.68
3 11.68
3 11.68
3 11.70
3 11.70
3 11.71
3 11.71
3 11.74
3 11.74
3 11.75
3 11.76
3 11.76
3 11.77
3 11.78
3 11.78
3 11.80
3 11.80
3 11.81
4 12.54
4 12.55
4 12.72
4 12.76
4 12.81
4 12.85
4 12.92
4 12.92
4 12.94
4 12.96
4 12.97
4 12.98
4 12.99
4 13.00
4 13.00
4 13.01
4 13.03
4 13.04
4 13.04
4 13.04
4 13.06
4 13.07
4 13.08
4 13.08
4 13.09
4 13.09
4 13.10
4 13.10
4 13.11
4 13.11
4 13.13
4 13.14
4 13.14
4 13.14
4 13.15
4 13.15
4 13.16
4 13.16
4 13.17
4 13.17
4 13.17
4 13.22
4 13.22
4 13.24
4 13.24
4 13.25
4 13.25
4 13.25
4 13.25
4 13.26
4 13.26
4 13.27
4 13.28
4 13.29
4 13.29
4 13.37
4 16.75
4 16.80
4 16.80
4 16.83
5 13.88
5 14.14
5 14.17
5 14.20
5 14.20
5 14.22
5 14.25
5 14.28
5 14.28
5 14.28
5 14.31
5 14.43
5 14.44
5 14.44
5 14.47
5 14.53
5 14.55
5 14.56
5 14.58
5 14.58
5 14.59
5 14.60
5 14.60
5 14.60
5 14.60
5 14.62
5 14.62
5 14.63
5 14.65
5 14.68
5 14.69
5 14.80
5 14.83
5 14.89
5 14.89
5 14.93
5 14.93
5 14.94
5 14.98
5 15.00
5 15.01
5 15.01
5 15.01
5 15.03
5 15.05
5 15.08
5 15.11
5 15.12
5 15.14
5 15.15
5 15.15
5 15.16
5 15.27
5 15.28
5 18.65
5 18.85
5 18.87
5 19.01
6 16.00
6 16.01
6 16.04
6 16.19
6 16.20
6 16.20
6 16.21
6 16.21
6 16.22
6 16.26
6 16.26
6 16.26
6 16.29
6 16.30
6 16.30
6 16.33
6 16.34
6 16.36
6 16.38
6 16.39
6 16.41
6 16.42
6 16.44
6 16.51
6 16.56
6 16.57
6 16.60
6 16.63
6 16.67
6 16.74
6 16.76
6 16.79
6 16.81
6 16.82
6 16.85
6 16.90
6 16.91
6 16.93
6 16.99
6 17.07
6 17.08
6 17.11
6 17.14
6 17.25
6 17.25
6 17.32
6 19.87
6 20.59
6 20.90
6 21.50
7 17.76
7 17.82
7 17.84
7 17.86
7 17.88
7 17.93
7 17.96
7 18.03
7 18.17
7 18.26
7 18.28
7 18.28
7 18.29
7 18.32
7 18.33
7 18.39
7 18.39
7 18.39
7 18.41
7 18.48
7 18.49
7 18.52
7 18.53
7 18.55
7 18.58
7 18.59
7 18.72
7 18.75
7 18.91
7 19.00
7 19.01
7 19.03
7 19.05
7 19.05
7 19.08
7 19.08
7 19.19
7 19.21
7 19.22
7 19.28
7 19.30
7 19.30
7 19.32
7 19.48
7 19.49
7 19.52
7 19.53
7 19.55
7 19.57
7 19.58
7 19.60
7 19.61
7 19.62
7 19.63
7 22.26
7 22.32
7 23.78
7 23.83
8 20.27
8 20.32
8 20.37
8 20.42
8 20.43
8 20.75
8 20.79
8 20.80
8 20.81
8 20.83
8 20.83
8 20.86
8 20.86
8 20.86
8 20.87
8 20.91
8 20.91
8 20.92
8 20.95
8 20.95
8 20.98
8 20.98
8 20.99
8 21.00
8 21.00
8 21.06
8 21.08
8 21.14
8 21.26
8 21.33
8 21.35
8 21.36
8 21.38
8 21.51
8 21.54
8 21.55
8 21.61
8 21.80
8 21.86
8 21.87
8 21.87
8 21.88
8 21.89
8 21.93
8 21.96
8 21.96
8 21.96
8 21.97
8 22.01
8 22.06
8 22.07
8 22.07
8 22.12
8 22.18
8 22.23
8 22.29
8 25.60
8 25.72
8 26.01
8 26.24
8 26.53
8 26.90
8 27.08
8 27.17
8 27.19
8 27.29
9 22.52
9 22.55
9 22.69
9 22.73
9 22.78
9 22.79
9 22.91
9 23.00
9 23.07
9 23.12
9 23.13
9 23.14
9 23.18
9 23.18
9 23.21
9 23.24
9 23.25
9 23.27
9 23.29
9 23.33
9 23.38
9 23.41
9 23.41
9 23.50
9 23.55
9 23.64
9 23.71
9 23.79
9 23.96
9 24.00
9 24.15
9 24.16
9 24.45
9 24.51
9 24.52
9 24.53
9 24.56
9 24.58
9 24.77
9 24.82
9 24.88
9 24.88
9 24.91
9 24.91
9 28.02
9 28.96
9 30.32
9 31.21
10 25.44
10 25.45
10 25.48
10 25.51
10 25.59
10 25.66
10 26.15
10 26.16
10 26.25
10 26.26
10 26.27
10 26.31
10 26.38
10 26.40
10 26.40
10 26.46
10 26.62
10 26.62
10 26.73
10 26.80
10 26.85
10 26.93
10 27.04
10 27.54
10 27.67
10 27.69
10 27.76
10 27.79
10 27.82
10 27.83
10 27.96
10 28.02
10 28.10
10 28.12
10 32.33
10 33.33
10 33.34
10 33.41
10 34.02
10 34.94
10 35.01
10 35.06
10 35.07
10 35.18
11 28.86
11 29.05
11 29.57
11 29.90
11 29.91
11 29.99
11 30.10
11 30.13
11 30.24
11 30.57
11 30.64
11 30.65
11 31.52
11 32.13
11 32.17
11 32.18
11 32.40
11 32.41
12 33.51
12 34.47
12 34.56
12 34.63
12 34.63
12 34.68
12 34.69
12 34.73
12 34.80
12 34.95
12 34.97
12 35.05
12 41.22
12 41.50
12 41.73
12 41.78
13 37.71
13 37.77
13 37.94
13 38.96
13 39.11
13 39.16
13 39.22
13 39.30
13 39.31
13 39.48
13 45.87
13 46.39
14 41.41
14 43.04
14 43.18
14 43.28
14 51.91
14 54.22
15 46.95
15 48.34
15 48.37
15 48.47
15 48.52
15 48.54
15 48.59
15 48.89
16 54.50
16 54.58
16 54.61
16 54.86
16 55.11
16 55.38
16 56.32
16 56.35
16 56.64
16 56.65
16 56.81
16 56.83
16 56.83
16 56.87
16 56.90
16 56.96
16 56.98
16 57.14
16 66.96
16 68.29
16 69.89
16 70.61
17 60.39
17 60.53
17 60.54
17 60.89
17 61.02
17 61.02
17 61.05
17 61.05
17 62.28
17 62.76
17 62.99
17 63.06
17 63.14
17 63.24
17 63.37
17 63.53
17 63.70
17 63.70
18 70.19
18 70.59
18 70.62
18 71.00
18 71.41
18 73.51
18 73.55
18 73.78
18 73.86
18 74.00
18 82.10
18 82.64
18 83.18
18 83.36
18 84.51
18 85.02
18 85.39
18 85.65
19 77.28
19 77.89
19 78.83
19 80.01
19 80.58
19 80.93
19 81.16
19 81.60
20 102.69
20 104.56
20 104.57
20 106.15
20 88.66
20 88.78
20 90.74
20 91.05
20 92.88
20 93.24
20 93.52
20 93.94
21 103.28
21 105.45
22 112.35
22 117.26
23 140.19
23 141.04
23 141.64
23 142.17
24 161.85
24 168.64
24 169.22
24 171.00
25 211.84
25 222.08
