3 727848
3 728568
3 728776
3 728928
3 728952
3 728972
3 729276
3 729372
3 729532
3 729680
3 729780
3 730808
3 731512
3 731892
3 732304
4 736916
4 737356
4 737492
4 737508
4 737544
4 737784
4 737792
4 737868
4 737944
4 737952
4 737984
4 737992
4 738124
4 738124
4 738148
4 738196
4 738220
4 738260
4 738308
4 738352
4 738372
4 738588
4 738640
4 738644
4 738664
4 738816
4 739116
4 739160
4 739312
4 740784
5 746608
5 746776
5 747336
5 747872
5 748068
5 748884
5 750272
5 750272
5 750312
5 750468
5 750608
5 750996
5 751032
5 751072
5 751096
5 751360
5 751828
5 751980
5 752040
5 752100
5 752420
5 752444
5 752692
5 752912
5 752932
5 753116
5 753676
5 753844
5 755140
6 758624
6 758768
6 759140
6 759576
6 759800
6 759964
6 760016
6 760240
6 760332
6 760856
6 761904
6 761980
6 762024
6 762336
6 762624
6 763092
6 763988
6 764796
6 765484
6 765512
6 766556
6 767208
6 768056
6 768600
6 768928
7 772156
7 772184
7 772184
7 772424
7 773812
7 773840
7 773868
7 774056
7 774216
7 774384
7 774508
7 775756
7 776988
7 783848
7 783884
7 784792
7 784816
7 784844
7 785476
7 785592
7 786144
7 786276
7 786356
7 786904
7 787780
7 787820
7 787936
7 788308
7 788372
8 784612
8 785404
8 788016
8 788360
8 788528
8 788576
8 788612
8 788676
8 789704
8 789800
8 793192
8 794252
8 794564
8 795156
8 796436
8 798324
8 798656
8 799628
8 799772
8 800496
8 801172
8 801368
8 802380
8 802420
8 803252
8 803348
8 803368
8 803508
8 803508
8 803556
8 803592
8 803684
8 804204
9 805984
9 806316
9 806828
9 807248
9 807588
9 808728
9 810660
9 811828
9 811832
9 812304
9 813912
9 814852
9 815140
9 816288
9 816796
9 817108
9 818252
9 820332
9 821168
9 822348
9 822456
9 823016
9 823724
9 824060
10 822448
10 822612
10 823784
10 824048
10 824732
10 824988
10 825168
10 825756
10 825888
10 825996
10 828732
10 830120
10 830480
10 831536
10 832040
10 833516
10 837244
10 838264
10 838336
10 839128
10 841340
10 844224
11 845388
11 847636
11 847756
11 850912
11 854364
11 864504
11 875004
11 875076
11 877712
12 870576
12 877792
12 879032
12 879052
12 879772
12 879844
12 879944
12 880332
13 898040
13 903188
13 903736
13 910488
13 911316
13 913812
14 941276
14 946176
14 947612
15 973156
15 974064
15 979228
15 982412
16 1011908
16 1012092
16 1014520
16 1014560
16 1014676
16 1016800
16 1018808
16 1021460
16 1024316
16 1026464
16 1033424
17 1048612
17 1060732
17 1061256
17 1061908
17 1062884
17 1063068
17 1065796
17 1066492
17 1086088
18 1120564
18 1123472
18 1124128
18 1124856
18 1125288
18 1127348
18 1127928
18 1132332
18 1132584
19 1145824
19 1161800
19 1168340
19 1193968
20 1212104
20 1218352
20 1224308
20 1235084
20 1236176
20 1236640
21 1300668
22 1355788
23 1520060
23 1520448
24 1511360
24 1518852
25 1705388
