3 727544
3 727848
3 728568
3 728728
3 728776
3 728928
3 728952
3 728956
3 728972
3 729044
3 729160
3 729276
3 729276
3 729372
3 729452
3 729508
3 729532
3 729656
3 729680
3 729768
3 729780
3 729844
3 729948
3 730160
3 730808
3 731152
3 731512
3 731892
3 732072
3 732304
4 736860
4 736916
4 737356
4 737388
4 737472
4 737492
4 737508
4 737544
4 737624
4 737672
4 737704
4 737720
4 737756
4 737784
4 737792
4 737800
4 737868
4 737944
4 737952
4 737984
4 737992
4 738120
4 738124
4 738124
4 738148
4 738196
4 738220
4 738244
4 738260
4 738308
4 738320
4 738352
4 738356
4 738372
4 738396
4 738448
4 738492
4 738588
4 738616
4 738640
4 738640
4 738644
4 738664
4 738716
4 738816
4 738848
4 738888
4 738924
4 739064
4 739116
4 739116
4 739136
4 739160
4 739228
4 739312
4 740020
4 740056
4 740192
4 740784
4 740792
5 746508
5 746608
5 746776
5 746840
5 747336
5 747872
5 748004
5 748012
5 748068
5 748808
5 748884
5 749604
5 749628
5 749780
5 749844
5 750272
5 750272
5 750312
5 750468
5 750496
5 750608
5 750684
5 750856
5 750956
5 750996
5 751032
5 751040
5 751072
5 751076
5 751096
5 751360
5 751408
5 751416
5 751436
5 751604
5 751644
5 751828
5 751948
5 751980
5 752040
5 752100
5 752420
5 752444
5 752512
5 752692
5 752860
5 752896
5 752912
5 752932
5 753116
5 753148
5 753176
5 753452
5 753612
5 753676
5 753844
5 754224
5 755140
6 758624
6 758768
6 758964
6 759140
6 759200
6 759512
6 759576
6 759612
6 759784
6 759800
6 759964
6 759976
6 760016
6 760192
6 760240
6 760308
6 760332
6 760516
6 760520
6 760660
6 760856
6 761904
6 761980
6 762024
6 762104
6 762336
6 762624
6 762676
6 762904
6 762984
6 763092
6 763988
6 764000
6 764200
6 764264
6 764428
6 764632
6 764796
6 765484
6 765512
6 766556
6 767084
6 767208
6 767352
6 767688
6 768056
6 768592
6 768600
6 768660
6 768928
7 772152
7 772156
7 772184
7 772184
7 772304
7 772424
7 772656
7 773144
7 773500
7 773560
7 773680
7 773748
7 773812
7 773840
7 773856
7 773868
7 774056
7 774116
7 774192
7 774216
7 774328
7 774384
7 774508
7 775756
7 776300
7 776988
7 777884
7 783848
7 783884
7 784452
7 784460
7 784696
7 784708
7 784792
7 784816
7 784816
7 784844
7 785216
7 785476
7 785592
7 785784
7 786144
7 786276
7 786320
7 786356
7 786904
7 786952
7 787276
7 787332
7 787404
7 787472
7 787632
7 787780
7 787820
7 787936
7 788308
7 788372
7 788460
8 784612
8 785404
8 785440
8 785956
8 787992
8 788016
8 788360
8 788528
8 788576
8 788612
8 788676
8 788892
8 789008
8 789704
8 789800
8 789924
8 792800
8 793108
8 793192
8 793640
8 793976
8 794252
8 794528
8 794564
8 794912
8 794984
8 795156
8 795792
8 796436
8 798308
8 798324
8 798656
8 798964
8 799628
8 799772
8 800496
8 801116
8 801172
8 801368
8 802088
8 802380
8 802420
8 802984
8 803252
8 803348
8 803368
8 803508
8 803508
8 803524
8 803556
8 803592
8 803684
8 803908
8 804196
8 804204
8 804736
8 804924
8 804932
8 805040
8 805040
8 805340
8 805508
8 805556
8 805700
8 805884
8 809156
9 805984
9 806316
9 806828
9 807248
9 807588
9 808728
9 809104
9 810360
9 810400
9 810468
9 810660
9 811160
9 811428
9 811732
9 811828
9 811832
9 812304
9 812436
9 812544
9 813000
9 813912
9 814600
9 814852
9 815104
9 815140
9 815776
9 815976
9 816064
9 816288
9 816796
9 817108
9 818252
9 820332
9 820448
9 821168
9 821180
9 822348
9 822456
9 823016
9 823672
9 823724
9 824000
9 824060
9 824076
9 824236
9 824392
9 824648
9 825088
10 821908
10 822448
10 822612
10 823344
10 823784
10 823892
10 824048
10 824364
10 824732
10 824988
10 825168
10 825236
10 825756
10 825884
10 825888
10 825912
10 825948
10 825996
10 826036
10 826468
10 826536
10 828604
10 828732
10 830120
10 830480
10 831536
10 832040
10 833516
10 833756
10 834436
10 834476
10 837244
10 837248
10 837864
10 838264
10 838336
10 839128
10 840048
10 840564
10 840880
10 841340
10 841856
10 844224
10 845696
11 845388
11 847196
11 847636
11 847756
11 847768
11 848060
11 850912
11 851100
11 854364
11 854504
11 864152
11 864504
11 873800
11 875004
11 875076
11 875512
11 875760
11 877712
12 870576
12 873516
12 877792
12 878420
12 879032
12 879052
12 879728
12 879772
12 879772
12 879844
12 879944
12 880244
12 880252
12 880332
12 880452
12 880836
13 896324
13 898040
13 903188
13 903736
13 904932
13 905328
13 907836
13 910488
13 910928
13 911316
13 913032
13 913812
14 941276
14 943892
14 945512
14 945848
14 946176
14 947612
15 973156
15 974064
15 974824
15 978408
15 978604
15 979228
15 981188
15 982412
16 1011908
16 1012092
16 1014332
16 1014340
16 1014520
16 1014560
16 1014676
16 1015324
16 1016016
16 1016800
16 1017060
16 1018808
16 1020416
16 1021460
16 1023184
16 1023504
16 1024316
16 1024320
16 1026464
16 1026676
16 1028308
16 1033424
17 1048612
17 1060732
17 1061256
17 1061432
17 1061904
17 1061908
17 1062240
17 1062504
17 1062884
17 1063068
17 1063532
17 1065796
17 1066028
17 1066292
17 1066492
17 1079068
17 1082380
17 1086088
18 1111848
18 1116400
18 1117840
18 1120564
18 1123320
18 1123472
18 1124120
18 1124128
18 1124856
18 1125080
18 1125288
18 1126692
18 1127348
18 1127928
18 1131808
18 1132332
18 1132584
18 1132588
19 1138972
19 1145824
19 1160968
19 1161800
19 1168044
19 1168340
19 1193108
19 1193968
20 1211960
20 1212104
20 1216604
20 1218352
20 1224308
20 1226148
20 1235084
20 1235128
20 1236176
20 1236180
20 1236640
20 1240396
21 1300384
21 1300668
22 1355788
22 1358644
23 1520060
23 1520448
23 1522556
23 1522680
24 1511360
24 1513384
24 1518852
24 1521052
25 1675188
25 1705388
