3 11.78
3 11.83
3 11.84
3 11.90
3 11.93
3 11.94
3 11.95
3 11.97
3 11.99
3 11.99
3 11.99
3 12.00
3 12.01
3 12.01
3 12.01
3 12.01
3 12.02
3 12.03
3 12.04
3 12.04
3 12.05
3 12.05
3 12.07
3 12.07
3 12.08
3 12.08
3 12.11
3 12.11
3 12.12
3 12.13
4 12.81
4 12.87
4 13.04
4 13.05
4 13.17
4 13.19
4 13.24
4 13.24
4 13.26
4 13.26
4 13.27
4 13.28
4 13.30
4 13.31
4 13.32
4 13.32
4 13.36
4 13.37
4 13.37
4 13.37
4 13.38
4 13.39
4 13.39
4 13.41
4 13.41
4 13.41
4 13.43
4 13.43
4 13.44
4 13.44
4 13.44
4 13.44
4 13.46
4 13.46
4 13.47
4 13.47
4 13.47
4 13.48
4 13.48
4 13.49
4 13.50
4 13.51
4 13.52
4 13.53
4 13.54
4 13.54
4 13.57
4 13.58
4 13.58
4 13.58
4 13.58
4 13.58
4 13.60
4 13.61
4 13.61
4 13.65
4 17.08
4 17.13
4 17.16
4 17.16
5 14.16
5 14.43
5 14.50
5 14.53
5 14.54
5 14.59
5 14.60
5 14.61
5 14.62
5 14.65
5 14.67
5 14.71
5 14.75
5 14.79
5 14.81
5 14.87
5 14.88
5 14.88
5 14.89
5 14.91
5 14.92
5 14.92
5 14.92
5 14.93
5 14.93
5 14.94
5 14.95
5 14.98
5 14.99
5 15.02
5 15.05
5 15.10
5 15.17
5 15.20
5 15.23
5 15.28
5 15.29
5 15.29
5 15.29
5 15.30
5 15.31
5 15.32
5 15.32
5 15.36
5 15.43
5 15.44
5 15.45
5 15.47
5 15.48
5 15.49
5 15.53
5 15.54
5 15.58
5 15.59
5 19.05
5 19.24
5 19.25
5 19.39
6 16.34
6 16.34
6 16.35
6 16.53
6 16.53
6 16.55
6 16.57
6 16.57
6 16.58
6 16.58
6 16.60
6 16.61
6 16.65
6 16.65
6 16.66
6 16.66
6 16.67
6 16.70
6 16.71
6 16.73
6 16.73
6 16.75
6 16.78
6 16.85
6 16.90
6 16.91
6 16.92
6 16.92
6 17.01
6 17.04
6 17.15
6 17.15
6 17.16
6 17.18
6 17.21
6 17.21
6 17.23
6 17.30
6 17.34
6 17.44
6 17.49
6 17.50
6 17.57
6 17.61
6 17.61
6 17.66
6 20.44
6 21.03
6 21.30
6 21.85
7 18.13
7 18.18
7 18.19
7 18.22
7 18.23
7 18.34
7 18.35
7 18.42
7 18.49
7 18.63
7 18.65
7 18.65
7 18.66
7 18.67
7 18.70
7 18.74
7 18.76
7 18.78
7 18.79
7 18.83
7 18.84
7 18.85
7 18.90
7 18.91
7 18.93
7 18.98
7 19.05
7 19.10
7 19.32
7 19.35
7 19.36
7 19.38
7 19.40
7 19.41
7 19.42
7 19.45
7 19.54
7 19.55
7 19.58
7 19.60
7 19.67
7 19.68
7 19.70
7 19.89
7 19.89
7 19.89
7 19.90
7 19.93
7 19.93
7 19.93
7 19.94
7 20.00
7 20.02
7 20.02
7 22.65
7 22.68
7 24.30
7 24.50
8 20.67
8 20.77
8 20.78
8 20.79
8 20.80
8 21.13
8 21.15
8 21.18
8 21.20
8 21.20
8 21.20
8 21.21
8 21.22
8 21.23
8 21.23
8 21.29
8 21.31
8 21.32
8 21.35
8 21.36
8 21.37
8 21.38
8 21.41
8 21.41
8 21.42
8 21.43
8 21.46
8 21.47
8 21.66
8 21.72
8 21.72
8 21.74
8 21.76
8 21.86
8 21.88
8 21.92
8 21.98
8 22.21
8 22.24
8 22.24
8 22.27
8 22.29
8 22.29
8 22.33
8 22.33
8 22.34
8 22.34
8 22.37
8 22.39
8 22.39
8 22.43
8 22.44
8 22.50
8 22.59
8 22.64
8 22.66
8 26.15
8 26.20
8 26.42
8 26.61
8 26.93
8 27.36
8 27.47
8 27.59
8 27.64
8 27.79
9 22.90
9 22.92
9 23.08
9 23.16
9 23.18
9 23.19
9 23.24
9 23.42
9 23.45
9 23.51
9 23.51
9 23.56
9 23.58
9 23.59
9 23.60
9 23.62
9 23.63
9 23.64
9 23.68
9 23.72
9 23.77
9 23.78
9 23.82
9 23.93
9 23.99
9 24.01
9 24.08
9 24.13
9 24.36
9 24.42
9 24.50
9 24.52
9 24.87
9 24.89
9 24.93
9 24.94
9 24.97
9 24.98
9 25.18
9 25.29
9 25.31
9 25.35
9 25.35
9 25.40
9 28.44
9 29.41
9 30.77
9 31.64
10 25.84
10 25.87
10 25.87
10 25.92
10 25.99
10 26.11
10 26.54
10 26.57
10 26.70
10 26.70
10 26.77
10 26.79
10 26.80
10 26.84
10 26.87
10 26.89
10 26.97
10 27.02
10 27.19
10 27.20
10 27.25
10 27.33
10 27.40
10 27.98
10 28.05
10 28.15
10 28.16
10 28.22
10 28.25
10 28.28
10 28.45
10 28.48
10 28.51
10 28.53
10 32.76
10 33.80
10 33.90
10 33.91
10 34.45
10 35.44
10 35.51
10 35.52
10 35.62
10 35.72
11 29.32
11 29.53
11 30.00
11 30.37
11 30.38
11 30.40
11 30.52
11 30.64
11 30.71
11 31.06
11 31.11
11 31.11
11 31.98
11 32.61
11 32.62
11 32.62
11 32.89
11 32.90
12 33.99
12 35.01
12 35.10
12 35.11
12 35.12
12 35.21
12 35.24
12 35.25
12 35.27
12 35.38
12 35.50
12 35.53
12 41.78
12 42.03
12 42.32
12 42.36
13 38.22
13 38.28
13 38.56
13 39.51
13 39.64
13 39.70
13 39.77
13 39.86
13 39.99
13 40.01
13 46.49
13 46.96
14 42.04
14 43.57
14 43.74
14 43.88
14 52.59
14 54.90
15 47.49
15 48.99
15 49.05
15 49.06
15 49.15
15 49.16
15 49.19
15 49.52
16 55.19
16 55.21
16 55.22
16 55.54
16 55.90
16 56.20
16 57.04
16 57.13
16 57.25
16 57.33
16 57.51
16 57.51
16 57.57
16 57.60
16 57.61
16 57.69
16 57.77
16 57.82
16 67.69
16 69.02
16 70.77
16 71.50
17 61.12
17 61.26
17 61.50
17 61.65
17 61.72
17 61.76
17 61.78
17 61.96
17 63.00
17 63.48
17 63.70
17 63.74
17 63.83
17 63.88
17 64.01
17 64.25
17 64.43
17 64.44
18 70.96
18 71.39
18 71.39
18 71.95
18 72.20
18 74.29
18 74.35
18 74.63
18 74.64
18 74.72
18 82.94
18 83.55
18 84.20
18 84.25
18 85.47
18 86.13
18 86.55
18 86.58
19 78.11
19 78.85
19 79.57
19 80.81
19 81.54
19 81.81
19 82.12
19 82.50
20 103.73
20 105.67
20 105.78
20 107.30
20 89.68
20 89.70
20 91.73
20 92.13
20 93.83
20 94.16
20 94.49
20 94.98
21 104.38
21 106.43
22 113.42
22 118.68
23 141.71
23 142.23
23 142.81
23 143.29
24 163.07
24 169.87
24 170.51
24 172.23
25 213.19
25 223.53
