3 13.78
3 13.79
3 13.79
3 13.84
3 13.84
3 13.89
3 13.90
3 13.93
3 13.94
3 13.97
3 13.97
3 13.98
3 14.01
3 14.02
3 14.09
4 16.79
4 16.87
4 16.90
4 16.96
4 17.01
4 17.01
4 17.04
4 17.06
4 17.07
4 17.08
4 17.08
4 17.09
4 17.09
4 17.10
4 17.15
4 17.19
4 17.20
4 17.21
4 17.24
4 17.25
4 17.28
4 17.30
4 17.31
4 17.32
4 17.38
4 17.38
4 17.39
4 17.50
4 22.01
4 28.50
5 18.15
5 19.98
5 20.31
5 20.40
5 20.58
5 20.69
5 20.70
5 20.72
5 20.81
5 20.86
5 20.89
5 21.03
5 21.03
5 21.06
5 21.11
5 21.12
5 21.14
5 21.19
5 21.20
5 21.21
5 21.30
5 21.32
5 21.33
5 21.34
5 21.35
5 21.43
5 21.45
5 27.26
6 23.97
6 24.25
6 24.31
6 24.39
6 24.41
6 24.45
6 24.45
6 24.48
6 24.64
6 24.67
6 24.71
6 24.98
6 25.00
6 25.02
6 25.08
6 25.38
6 25.41
6 25.56
6 25.58
6 25.60
6 25.71
6 25.81
6 26.22
6 33.66
6 48.93
7 29.01
7 29.15
7 29.18
7 29.30
7 29.75
7 30.02
7 30.03
7 30.07
7 30.08
7 30.14
7 30.15
7 30.19
7 30.20
7 30.24
7 30.67
7 30.74
7 30.83
7 30.84
7 31.47
7 31.50
7 31.58
7 31.65
7 31.66
7 31.71
7 31.71
7 31.78
7 31.82
7 41.66
8 36.66
8 36.75
8 37.23
8 37.42
8 37.56
8 37.70
8 37.72
8 37.73
8 37.77
8 37.78
8 37.79
8 37.82
8 37.83
8 37.91
8 38.10
8 38.12
8 38.45
8 38.60
8 39.37
8 39.39
8 39.51
8 39.51
8 39.52
8 39.53
8 39.57
8 39.65
8 39.72
8 39.76
8 76.82
8 77.72
8 77.88
8 78.37
8 79.40
9 43.20
9 44.62
9 44.63
9 44.81
9 44.89
9 45.53
9 45.64
9 45.71
9 45.81
9 45.95
9 45.98
9 46.06
9 46.12
9 46.29
9 46.30
9 46.33
9 46.41
9 46.86
9 47.43
9 47.62
9 48.04
9 48.19
9 59.17
10 115.80
10 116.22
10 118.93
10 121.47
10 48.06
10 50.81
10 52.48
10 52.64
10 52.74
10 53.83
10 54.16
10 54.27
10 54.32
10 54.41
10 54.41
10 56.63
10 56.71
10 57.08
10 57.27
10 57.29
10 57.60
10 77.06
11 65.11
11 65.26
11 65.31
11 67.29
11 67.41
11 67.78
11 68.43
11 70.31
11 70.32
12 108.57
12 172.71
12 77.54
12 79.75
12 79.77
12 79.92
12 79.95
12 80.17
13 127.68
13 89.63
13 89.94
13 90.21
13 92.45
13 93.32
14 105.36
14 112.31
14 250.74
15 123.40
15 127.88
15 128.53
15 128.59
16 150.75
16 151.55
16 151.58
16 156.39
16 156.40
16 156.58
16 156.60
16 156.69
16 156.79
16 366.29
16 374.53
17 170.03
17 170.94
17 176.99
17 177.09
17 177.14
17 177.60
17 178.23
17 178.31
17 178.65
18 202.68
18 212.55
18 212.59
18 213.98
18 214.01
18 489.37
18 498.17
18 499.89
18 506.45
19 239.70
19 239.90
19 242.52
19 242.72
20 276.68
20 276.69
20 276.79
20 278.49
20 755.03
20 801.03
21 329.45
22 380.38
23 440.81
23 441.65
24 524.98
24 528.64
25 735.50
