3 0.25
3 0.27
3 0.28
3 0.28
3 0.29
3 0.29
3 0.29
3 0.29
3 0.30
3 0.30
3 0.31
3 0.31
3 0.32
3 0.32
3 0.33
4 0.23
4 0.26
4 0.26
4 0.26
4 0.26
4 0.27
4 0.27
4 0.27
4 0.28
4 0.28
4 0.28
4 0.28
4 0.28
4 0.28
4 0.29
4 0.29
4 0.29
4 0.29
4 0.29
4 0.30
4 0.30
4 0.31
4 0.31
4 0.31
4 0.32
4 0.33
4 0.33
4 0.33
4 0.35
4 0.35
5 0.23
5 0.23
5 0.25
5 0.26
5 0.27
5 0.27
5 0.27
5 0.28
5 0.28
5 0.28
5 0.29
5 0.29
5 0.29
5 0.30
5 0.30
5 0.30
5 0.30
5 0.31
5 0.31
5 0.31
5 0.32
5 0.32
5 0.32
5 0.32
5 0.32
5 0.32
5 0.33
5 0.33
5 0.34
5 0.35
5 0.37
6 0.24
6 0.24
6 0.25
6 0.26
6 0.27
6 0.28
6 0.28
6 0.28
6 0.28
6 0.28
6 0.28
6 0.29
6 0.29
6 0.30
6 0.30
6 0.31
6 0.31
6 0.32
6 0.32
6 0.32
6 0.32
6 0.32
6 0.32
6 0.33
6 0.34
6 0.34
6 0.35
7 0.25
7 0.25
7 0.25
7 0.26
7 0.26
7 0.27
7 0.27
7 0.27
7 0.28
7 0.29
7 0.29
7 0.29
7 0.29
7 0.29
7 0.29
7 0.29
7 0.30
7 0.30
7 0.30
7 0.30
7 0.30
7 0.31
7 0.31
7 0.32
7 0.32
7 0.35
7 0.35
7 0.37
7 0.41
8 0.25
8 0.25
8 0.26
8 0.26
8 0.28
8 0.28
8 0.29
8 0.30
8 0.30
8 0.30
8 0.30
8 0.31
8 0.31
8 0.31
8 0.32
8 0.32
8 0.32
8 0.32
8 0.32
8 0.33
8 0.33
8 0.33
8 0.33
8 0.33
8 0.33
8 0.34
8 0.34
8 0.35
8 0.35
8 0.36
8 0.36
8 0.36
8 0.37
9 0.23
9 0.26
9 0.26
9 0.29
9 0.29
9 0.30
9 0.30
9 0.30
9 0.30
9 0.31
9 0.31
9 0.32
9 0.32
9 0.33
9 0.33
9 0.34
9 0.34
9 0.34
9 0.34
9 0.34
9 0.34
9 0.35
9 0.36
9 0.36
9 0.37
10 0.25
10 0.29
10 0.30
10 0.30
10 0.31
10 0.31
10 0.32
10 0.32
10 0.32
10 0.33
10 0.33
10 0.33
10 0.34
10 0.34
10 0.34
10 0.34
10 0.35
10 0.35
10 0.35
10 0.37
10 0.38
10 0.39
10 0.40
10 0.42
11 0.28
11 0.30
11 0.30
11 0.32
11 0.33
11 0.33
11 0.34
11 0.35
11 0.35
11 0.36
11 0.38
12 0.27
12 0.32
12 0.32
12 0.35
12 0.35
12 0.36
12 0.37
12 0.37
12 0.39
13 0.36
13 0.37
13 0.37
13 0.38
13 0.39
13 0.42
14 0.36
14 0.36
14 0.41
15 0.36
15 0.36
15 0.36
15 0.39
16 0.33
16 0.37
16 0.37
16 0.38
16 0.41
16 0.41
16 0.42
16 0.43
16 0.46
16 0.46
16 0.48
17 0.40
17 0.40
17 0.41
17 0.43
17 0.44
17 0.44
17 0.46
17 0.47
17 0.52
18 0.41
18 0.43
18 0.44
18 0.45
18 0.46
18 0.47
18 0.48
18 0.50
18 0.52
18 0.52
19 0.43
19 0.49
19 0.52
19 0.53
19 0.56
20 0.46
20 0.46
20 0.51
20 0.51
20 0.53
20 0.59
21 0.45
22 0.53
23 0.58
23 0.58
24 0.58
24 0.63
25 0.63
