3 721200
3 721236
3 721468
3 721680
3 721692
3 721868
3 722860
3 722964
3 723220
3 723496
3 723692
3 723860
3 724444
3 724476
3 724540
4 727688
4 728168
4 728248
4 728416
4 728616
4 728768
4 728836
4 728872
4 728996
4 729096
4 729116
4 729120
4 729128
4 729160
4 729340
4 729392
4 729548
4 729748
4 729768
4 729824
4 729888
4 729992
4 730008
4 730048
4 730252
4 730388
4 730484
4 730752
4 731696
4 731764
5 735672
5 736028
5 736056
5 736460
5 736600
5 737020
5 737148
5 737192
5 737248
5 737392
5 737512
5 737520
5 737532
5 737732
5 737944
5 737972
5 737976
5 738040
5 738072
5 738096
5 738104
5 738192
5 738256
5 738360
5 738360
5 738520
5 738532
5 738536
5 738708
5 739012
5 739564
6 742028
6 742436
6 742516
6 742984
6 743268
6 743776
6 744264
6 744428
6 744608
6 744788
6 744940
6 745160
6 745184
6 745304
6 746532
6 746532
6 746632
6 746644
6 746916
6 747492
6 748376
6 749556
6 752000
6 752308
6 752800
6 753160
6 753608
7 756060
7 756148
7 756556
7 756876
7 757328
7 757484
7 757696
7 757728
7 757928
7 758292
7 758496
7 758556
7 758752
7 758968
7 759312
7 759392
7 760028
7 760116
7 760264
7 760800
7 760812
7 760952
7 761036
7 761960
7 762128
7 762252
7 762556
7 764028
7 764580
8 765404
8 766404
8 766828
8 767016
8 767084
8 767432
8 767584
8 768808
8 769012
8 769152
8 769396
8 770032
8 770868
8 770980
8 771636
8 771984
8 772216
8 772372
8 772416
8 772544
8 772584
8 772644
8 772820
8 772848
8 772864
8 772912
8 772920
8 772928
8 772980
8 773052
8 773624
8 773660
8 774096
9 785508
9 785820
9 786112
9 786808
9 787004
9 787108
9 787160
9 787452
9 787464
9 787600
9 787712
9 787908
9 787964
9 788024
9 788220
9 788300
9 788476
9 788532
9 788656
9 788688
9 788756
9 788760
9 789136
9 789352
9 789860
10 802372
10 802396
10 802964
10 803116
10 803748
10 804244
10 804864
10 804920
10 804932
10 805100
10 805388
10 805432
10 805628
10 805904
10 806000
10 806000
10 806032
10 806740
10 808456
10 808828
10 810264
10 810744
10 812444
10 814824
11 818004
11 818448
11 820296
11 821452
11 821824
11 822524
11 823324
11 823788
11 823992
11 824452
11 825812
12 828508
12 830848
12 833436
12 834112
12 836000
12 836016
12 836276
12 836480
12 836556
13 855540
13 858932
13 861008
13 862784
13 866584
13 867048
14 896620
14 897116
14 898224
15 906288
15 906796
15 907840
15 926812
16 947292
16 947372
16 948404
16 950988
16 951260
16 953884
16 953968
16 957868
16 961772
16 967236
16 969560
17 985092
17 985904
17 985980
17 986716
17 987816
17 989412
17 990836
17 991340
17 991892
18 1022848
18 1022864
18 1023392
18 1023856
18 1024324
18 1026476
18 1045436
18 1050204
18 1050444
18 1060296
19 1082924
19 1085424
19 1092748
19 1096832
19 1098140
20 1129552
20 1130788
20 1140112
20 1146996
20 1147592
20 1152228
21 1193140
22 1272452
23 1353020
23 1353052
24 1406192
24 1406912
25 1493788
