3 0.27
3 0.27
3 0.28
3 0.28
3 0.28
3 0.28
3 0.28
3 0.28
3 0.29
3 0.29
3 0.29
3 0.29
3 0.29
3 0.29
3 0.30
3 0.30
3 0.30
3 0.30
3 0.31
3 0.31
3 0.31
3 0.31
3 0.31
3 0.32
3 0.32
3 0.33
3 0.33
3 0.33
3 0.34
3 0.35
4 0.22
4 0.26
4 0.27
4 0.27
4 0.27
4 0.27
4 0.27
4 0.27
4 0.27
4 0.27
4 0.28
4 0.28
4 0.28
4 0.29
4 0.29
4 0.29
4 0.29
4 0.29
4 0.29
4 0.30
4 0.30
4 0.30
4 0.30
4 0.30
4 0.30
4 0.30
4 0.30
4 0.30
4 0.30
4 0.30
4 0.30
4 0.31
4 0.31
4 0.31
4 0.31
4 0.31
4 0.32
4 0.32
4 0.32
4 0.32
4 0.32
4 0.32
4 0.32
4 0.32
4 0.33
4 0.33
4 0.33
4 0.33
4 0.33
4 0.33
4 0.33
4 0.33
4 0.34
4 0.34
4 0.35
4 0.35
4 0.35
4 0.35
4 0.37
4 0.37
5 0.27
5 0.27
5 0.28
5 0.28
5 0.28
5 0.28
5 0.29
5 0.29
5 0.29
5 0.29
5 0.29
5 0.30
5 0.30
5 0.30
5 0.30
5 0.30
5 0.31
5 0.31
5 0.31
5 0.31
5 0.31
5 0.31
5 0.31
5 0.31
5 0.31
5 0.31
5 0.32
5 0.32
5 0.32
5 0.32
5 0.33
5 0.33
5 0.33
5 0.33
5 0.33
5 0.33
5 0.33
5 0.34
5 0.34
5 0.34
5 0.34
5 0.34
5 0.35
5 0.35
5 0.35
5 0.35
5 0.35
5 0.35
5 0.35
5 0.36
5 0.36
5 0.36
5 0.36
5 0.37
5 0.38
5 0.39
5 0.39
5 0.40
6 0.26
6 0.28
6 0.29
6 0.29
6 0.29
6 0.30
6 0.30
6 0.31
6 0.31
6 0.31
6 0.31
6 0.32
6 0.32
6 0.32
6 0.32
6 0.32
6 0.32
6 0.33
6 0.33
6 0.33
6 0.33
6 0.33
6 0.34
6 0.34
6 0.34
6 0.34
6 0.34
6 0.34
6 0.34
6 0.34
6 0.34
6 0.35
6 0.35
6 0.35
6 0.35
6 0.35
6 0.35
6 0.35
6 0.35
6 0.36
6 0.36
6 0.37
6 0.37
6 0.37
6 0.37
6 0.38
6 0.39
6 0.42
6 0.42
6 0.54
7 0.28
7 0.29
7 0.30
7 0.31
7 0.32
7 0.32
7 0.32
7 0.32
7 0.33
7 0.33
7 0.33
7 0.33
7 0.33
7 0.34
7 0.34
7 0.34
7 0.34
7 0.35
7 0.35
7 0.35
7 0.35
7 0.35
7 0.35
7 0.35
7 0.35
7 0.35
7 0.36
7 0.36
7 0.36
7 0.36
7 0.36
7 0.36
7 0.36
7 0.36
7 0.36
7 0.36
7 0.37
7 0.37
7 0.37
7 0.37
7 0.37
7 0.37
7 0.37
7 0.37
7 0.37
7 0.37
7 0.38
7 0.38
7 0.38
7 0.38
7 0.38
7 0.38
7 0.39
7 0.39
7 0.40
7 0.41
7 0.44
7 0.45
8 0.31
8 0.32
8 0.32
8 0.32
8 0.33
8 0.33
8 0.33
8 0.33
8 0.33
8 0.33
8 0.34
8 0.34
8 0.34
8 0.34
8 0.35
8 0.35
8 0.35
8 0.35
8 0.36
8 0.36
8 0.36
8 0.36
8 0.36
8 0.36
8 0.36
8 0.36
8 0.36
8 0.36
8 0.36
8 0.37
8 0.37
8 0.37
8 0.37
8 0.37
8 0.37
8 0.37
8 0.37
8 0.38
8 0.38
8 0.39
8 0.39
8 0.39
8 0.39
8 0.39
8 0.40
8 0.40
8 0.40
8 0.40
8 0.40
8 0.40
8 0.40
8 0.40
8 0.41
8 0.41
8 0.42
8 0.42
8 0.42
8 0.42
8 0.43
8 0.44
8 0.45
8 0.45
8 0.47
8 0.47
8 0.48
8 0.53
9 0.33
9 0.33
9 0.34
9 0.34
9 0.35
9 0.36
9 0.36
9 0.36
9 0.36
9 0.36
9 0.36
9 0.36
9 0.36
9 0.37
9 0.37
9 0.37
9 0.37
9 0.37
9 0.38
9 0.38
9 0.38
9 0.39
9 0.39
9 0.39
9 0.39
9 0.39
9 0.39
9 0.39
9 0.39
9 0.39
9 0.39
9 0.40
9 0.40
9 0.40
9 0.41
9 0.41
9 0.41
9 0.41
9 0.41
9 0.41
9 0.41
9 0.42
9 0.44
9 0.44
9 0.45
9 0.46
9 0.46
9 0.47
10 0.35
10 0.35
10 0.36
10 0.36
10 0.37
10 0.37
10 0.37
10 0.38
10 0.38
10 0.38
10 0.38
10 0.39
10 0.39
10 0.40
10 0.40
10 0.40
10 0.41
10 0.41
10 0.42
10 0.42
10 0.42
10 0.43
10 0.43
10 0.43
10 0.43
10 0.43
10 0.44
10 0.44
10 0.45
10 0.45
10 0.45
10 0.45
10 0.45
10 0.45
10 0.46
10 0.46
10 0.46
10 0.47
10 0.48
10 0.49
10 0.49
10 0.50
10 0.54
10 0.55
11 0.36
11 0.41
11 0.42
11 0.42
11 0.43
11 0.44
11 0.44
11 0.45
11 0.45
11 0.45
11 0.46
11 0.46
11 0.46
11 0.47
11 0.47
11 0.48
11 0.48
11 0.49
12 0.43
12 0.43
12 0.43
12 0.47
12 0.47
12 0.47
12 0.47
12 0.51
12 0.52
12 0.52
12 0.53
12 0.53
12 0.55
12 0.57
12 0.58
12 0.59
13 0.47
13 0.49
13 0.50
13 0.50
13 0.50
13 0.52
13 0.52
13 0.54
13 0.54
13 0.56
13 0.60
13 0.61
14 0.52
14 0.55
14 0.59
14 0.61
14 0.62
14 0.66
15 0.51
15 0.53
15 0.56
15 0.59
15 0.61
15 0.62
15 0.67
15 0.71
16 0.60
16 0.61
16 0.61
16 0.64
16 0.65
16 0.66
16 0.67
16 0.67
16 0.67
16 0.68
16 0.68
16 0.71
16 0.72
16 0.73
16 0.73
16 0.76
16 0.77
16 0.77
16 0.77
16 0.77
16 0.84
16 0.88
17 0.58
17 0.64
17 0.66
17 0.69
17 0.70
17 0.71
17 0.71
17 0.71
17 0.72
17 0.72
17 0.72
17 0.72
17 0.73
17 0.73
17 0.73
17 0.74
17 0.86
17 0.88
18 0.71
18 0.72
18 0.76
18 0.77
18 0.77
18 0.77
18 0.80
18 0.83
18 0.83
18 0.85
18 0.85
18 0.87
18 0.89
18 0.90
18 0.95
18 0.99
18 1.01
18 1.07
19 0.73
19 0.78
19 0.82
19 0.84
19 0.86
19 0.86
19 0.90
19 0.96
20 0.89
20 0.91
20 0.93
20 0.97
20 0.98
20 0.98
20 1.02
20 1.03
20 1.03
20 1.07
20 1.14
20 1.21
21 0.98
21 1.05
22 1.07
22 1.27
23 1.10
23 1.17
23 1.17
23 1.31
24 1.21
24 1.21
24 1.21
24 1.26
25 1.35
25 1.42
