bitwidth nlimbs real user sys mem
64 3 11.22 10.90 0.31 729656
64 3 11.25 10.90 0.33 729844
64 3 10.98 10.67 0.28 729452
64 3 10.86 10.60 0.25 727544
64 3 11.15 10.86 0.28 728956
64 3 11.16 10.89 0.25 729044
64 3 11.16 10.88 0.27 728728
64 3 11.21 10.86 0.34 729276
64 3 11.19 10.95 0.24 729160
64 3 11.23 10.94 0.28 731152
64 3 11.27 10.95 0.31 732072
64 3 11.23 10.91 0.32 729948
64 3 10.99 10.70 0.28 729508
64 3 11.29 10.99 0.29 730160
64 3 11.28 10.99 0.29 729768
64 4 11.94 11.65 0.27 738616
64 4 12.33 12.06 0.26 738924
64 4 12.09 11.76 0.32 737800
64 4 12.16 11.84 0.31 737624
64 4 11.80 11.47 0.33 736860
64 4 12.15 11.87 0.27 737672
64 4 12.18 11.84 0.33 737720
64 4 12.24 11.92 0.29 740020
64 4 12.24 11.89 0.33 738888
64 4 12.25 11.93 0.28 739228
64 4 12.26 11.95 0.30 740792
64 4 12.27 12.02 0.24 738448
64 4 12.00 11.70 0.27 739136
64 4 12.28 11.98 0.29 738848
64 4 12.04 11.75 0.28 738640
64 4 12.03 11.71 0.31 738320
64 4 12.44 12.09 0.32 738356
64 4 12.03 11.75 0.27 738492
64 4 12.36 12.10 0.26 737472
64 4 12.33 12.05 0.27 738396
64 4 12.40 12.12 0.27 738120
64 4 12.45 12.20 0.24 738244
64 4 12.46 12.11 0.34 737388
64 4 12.21 11.91 0.27 737704
64 4 12.17 11.85 0.29 737756
64 4 12.14 11.87 0.27 738716
64 4 12.37 12.04 0.32 739116
64 4 12.56 12.25 0.29 740056
64 4 12.29 11.95 0.33 740192
64 4 12.28 11.98 0.29 739064
32 5 12.86 12.50 0.35 748004
32 5 12.88 12.58 0.29 746508
32 5 12.84 12.55 0.28 746840
32 5 13.09 12.77 0.31 748012
64 5 13.27 12.94 0.32 750496
64 5 13.56 13.27 0.28 750684
64 5 13.31 13.06 0.24 751436
64 5 13.25 12.95 0.29 751948
64 5 13.50 13.17 0.31 751076
64 5 13.75 13.43 0.29 749628
64 5 13.28 12.98 0.29 749780
64 5 13.69 13.36 0.32 748808
64 5 13.41 13.09 0.30 750856
64 5 13.81 13.56 0.23 751408
64 5 13.72 13.41 0.29 753176
64 5 13.42 13.08 0.33 751604
64 5 13.44 13.14 0.27 753148
64 5 13.76 13.43 0.31 749844
64 5 13.40 13.10 0.29 751644
64 5 13.81 13.47 0.33 750956
64 5 13.52 13.18 0.33 751416
64 5 13.91 13.58 0.32 753452
64 5 13.93 13.62 0.29 752860
64 5 13.56 13.27 0.28 752896
64 5 13.92 13.57 0.33 752512
64 5 13.90 13.58 0.31 751040
64 5 14.07 13.74 0.33 754224
64 5 14.05 13.72 0.32 749604
32 6 14.48 14.13 0.33 759512
32 6 14.18 13.86 0.31 760660
32 6 14.14 13.82 0.31 760516
32 6 14.51 14.20 0.30 759612
32 6 14.53 14.20 0.32 759976
32 6 14.53 14.22 0.30 760192
32 6 14.25 13.91 0.32 759200
32 6 14.60 14.26 0.33 758964
32 6 14.69 14.37 0.29 760308
32 6 14.76 14.42 0.32 759784
32 6 14.65 14.38 0.26 760520
64 6 15.36 15.08 0.27 764000
64 6 15.36 15.03 0.31 762984
64 6 15.42 15.12 0.28 764200
64 6 14.96 14.69 0.26 764428
64 6 15.40 14.99 0.37 762904
64 6 14.97 14.61 0.35 762104
64 6 15.41 15.10 0.30 762676
64 6 15.16 14.81 0.33 767688
64 6 15.54 15.23 0.30 768592
64 6 15.52 15.21 0.30 764632
64 6 15.59 15.24 0.34 764264
64 6 15.41 15.05 0.33 767352
64 6 15.72 15.38 0.32 768660
64 6 15.68 15.35 0.31 767084
32 7 16.14 15.83 0.30 772152
32 7 16.26 15.87 0.37 773748
32 7 16.25 15.90 0.33 773560
32 7 15.73 15.42 0.30 773856
32 7 16.23 15.92 0.30 774116
32 7 16.22 15.89 0.32 772304
32 7 16.29 15.94 0.34 776300
32 7 16.30 15.96 0.34 777884
32 7 15.80 15.49 0.31 774192
32 7 16.61 16.25 0.34 773680
32 7 16.30 16.00 0.29 774328
32 7 16.29 15.96 0.32 773500
32 7 16.74 16.44 0.30 773144
64 7 16.90 16.58 0.31 772656
64 7 17.63 17.29 0.32 784696
64 7 17.50 17.18 0.31 784452
64 7 17.72 17.31 0.37 784708
64 7 17.66 17.36 0.30 784816
64 7 17.65 17.35 0.28 786320
64 7 17.81 17.49 0.31 785216
64 7 17.88 17.51 0.34 784460
64 7 17.83 17.48 0.35 787472
64 7 17.61 17.21 0.36 787632
64 7 17.89 17.52 0.35 787276
64 7 17.87 17.54 0.32 787404
64 7 17.75 17.44 0.30 788460
64 7 17.50 17.18 0.31 786952
64 7 17.91 17.54 0.36 785784
64 7 17.86 17.52 0.32 787332
32 8 18.46 18.08 0.34 792800
32 8 18.34 18.02 0.31 789008
32 8 18.45 18.13 0.31 785956
32 8 18.42 18.10 0.31 785440
32 8 18.63 18.37 0.26 794528
32 8 18.66 18.28 0.36 793640
32 8 18.08 17.75 0.32 789924
32 8 18.11 17.80 0.31 794984
32 8 18.34 17.96 0.36 793976
32 8 18.14 17.73 0.38 787992
32 8 18.09 17.72 0.36 788892
32 8 18.65 18.33 0.31 798964
32 8 18.71 18.27 0.40 795792
32 8 18.82 18.55 0.26 793108
32 8 18.16 17.83 0.33 794912
64 8 19.38 19.04 0.32 798308
64 8 19.84 19.59 0.24 805884
64 8 19.44 19.11 0.33 804196
64 8 19.97 19.65 0.30 805508
64 8 19.91 19.55 0.35 804932
64 8 20.04 19.70 0.30 805040
64 8 19.99 19.68 0.30 805040
64 8 19.86 19.51 0.35 801116
64 8 19.46 19.09 0.35 802088
64 8 20.09 19.77 0.31 802984
64 8 20.10 19.72 0.37 804736
64 8 20.06 19.65 0.40 803908
64 8 19.79 19.40 0.37 803524
64 8 19.76 19.43 0.33 805340
64 8 20.25 19.95 0.29 805700
64 8 20.44 20.05 0.38 809156
64 8 20.37 20.02 0.34 804924
64 8 20.78 20.37 0.37 805556
32 9 20.67 20.30 0.36 810360
32 9 20.72 20.33 0.38 810468
32 9 20.11 19.73 0.38 815104
32 9 20.71 20.36 0.34 811732
32 9 20.87 20.51 0.34 813000
32 9 20.87 20.58 0.29 812544
32 9 20.91 20.56 0.34 810400
32 9 20.31 19.96 0.35 809104
32 9 20.92 20.54 0.35 814600
32 9 20.64 20.33 0.30 812436
32 9 20.90 20.57 0.32 811160
32 9 20.83 20.47 0.36 815976
32 9 20.95 20.63 0.31 811428
32 9 21.07 20.66 0.39 816064
64 9 21.60 21.08 0.48 815776
64 9 22.35 22.04 0.30 821180
64 9 22.35 21.97 0.37 820448
64 9 22.50 22.15 0.34 824076
64 9 22.64 22.20 0.41 825088
64 9 22.71 22.33 0.37 824648
64 9 22.58 22.18 0.39 824236
64 9 22.78 22.44 0.33 824000
64 9 22.91 22.30 0.56 824392
64 9 22.73 22.37 0.35 823672
32 10 22.62 22.27 0.34 826036
32 10 22.61 22.23 0.37 823892
32 10 22.64 22.21 0.41 828604
32 10 23.55 23.20 0.34 821908
32 10 23.28 22.94 0.33 824364
32 10 23.45 23.12 0.32 826468
32 10 22.75 22.38 0.36 825912
32 10 23.47 23.18 0.28 825948
32 10 23.04 22.64 0.36 825236
32 10 23.89 23.51 0.33 825884
64 10 24.06 23.68 0.37 826536
64 10 24.94 24.55 0.38 837864
64 10 25.27 24.90 0.34 834476
64 10 25.40 25.06 0.33 840048
64 10 25.35 24.99 0.35 834436
64 10 25.42 25.08 0.33 833756
64 10 25.57 25.20 0.36 841856
64 10 25.16 24.77 0.38 840880
64 10 25.59 25.20 0.37 840564
64 10 25.70 25.31 0.38 845696
64 10 25.10 24.71 0.37 837248
32 11 26.34 25.96 0.38 847768
32 11 26.39 26.00 0.38 847196
32 11 26.50 26.14 0.34 848060
32 11 26.38 26.01 0.37 854504
32 11 26.71 26.33 0.38 851100
32 11 26.03 25.67 0.32 864152
64 11 28.81 28.36 0.42 875760
64 11 28.85 28.54 0.30 875512
64 11 28.78 28.35 0.38 873800
32 12 29.10 28.69 0.40 879728
32 12 28.83 28.48 0.34 880252
32 12 28.11 27.70 0.39 880836
32 12 29.27 28.88 0.38 873516
32 12 28.48 28.06 0.42 880244
32 12 28.46 28.04 0.41 878420
32 12 28.49 28.07 0.41 880452
32 12 29.69 29.30 0.38 879772
32 13 32.63 32.25 0.38 905328
32 13 32.83 32.41 0.37 896324
32 13 32.13 31.74 0.39 904932
32 13 33.70 33.34 0.35 913032
32 13 33.29 32.90 0.39 910928
32 13 32.19 31.76 0.42 907836
32 14 36.09 35.71 0.37 943892
32 14 37.34 36.95 0.39 945512
32 14 36.40 35.97 0.42 945848
32 15 42.00 41.60 0.40 978408
32 15 43.62 43.18 0.44 978604
32 15 42.79 42.36 0.42 974824
32 15 42.35 41.94 0.41 981188
32 16 48.34 47.90 0.43 1023184
32 16 47.67 47.25 0.41 1014332
32 16 49.05 48.47 0.51 1023504
32 16 49.05 48.55 0.49 1014340
32 16 47.62 47.24 0.37 1015324
32 16 48.76 48.34 0.41 1026676
32 16 49.10 48.71 0.39 1016016
32 16 47.99 47.54 0.44 1024320
32 16 48.24 47.75 0.42 1017060
32 16 49.44 48.99 0.45 1020416
32 16 49.25 48.80 0.45 1028308
32 17 55.34 54.87 0.47 1079068
32 17 54.73 54.29 0.44 1062504
32 17 55.74 55.24 0.43 1062240
32 17 54.24 53.76 0.47 1061432
32 17 55.31 54.85 0.45 1066028
32 17 54.19 53.62 0.49 1063532
32 17 55.83 55.23 0.52 1061904
32 17 54.69 54.21 0.47 1082380
32 17 54.89 54.42 0.46 1066292
32 18 61.52 61.06 0.46 1111848
32 18 62.85 62.31 0.53 1124120
32 18 63.45 63.00 0.44 1123320
32 18 62.17 61.53 0.56 1126692
32 18 62.51 61.99 0.52 1132588
32 18 63.35 62.90 0.44 1116400
32 18 62.39 61.97 0.42 1131808
32 18 62.66 62.15 0.50 1125080
32 18 64.13 63.61 0.50 1117840
32 19 71.85 71.30 0.54 1168044
32 19 72.76 72.23 0.52 1193108
32 19 73.17 72.49 0.59 1138972
32 19 73.38 72.90 0.48 1160968
32 20 84.43 83.97 0.45 1216604
32 20 84.66 84.09 0.57 1240396
32 20 85.53 84.99 0.54 1211960
32 20 84.86 84.33 0.52 1235128
32 20 85.22 84.64 0.56 1236180
32 20 86.00 85.49 0.50 1226148
32 21 103.86 103.36 0.49 1300384
32 22 134.04 133.52 0.52 1358644
32 23 184.76 184.09 0.66 1522680
32 23 182.90 182.26 0.63 1522556
32 24 271.89 271.13 0.75 1513384
32 24 271.10 270.35 0.74 1521052
32 25 429.14 428.49 0.64 1675188
