3 13.10
3 13.16
3 13.20
3 13.26
3 13.43
3 13.47
3 13.49
3 13.50
3 13.53
3 13.53
3 13.54
3 13.55
3 13.55
3 13.57
3 13.58
3 13.59
3 13.61
3 13.61
3 13.61
3 13.63
3 13.64
3 13.64
3 13.65
3 13.66
3 13.66
3 13.67
3 13.69
3 13.69
3 13.73
3 13.78
4 16.20
4 16.21
4 16.23
4 16.26
4 16.33
4 16.42
4 16.44
4 16.45
4 16.47
4 16.49
4 16.54
4 16.54
4 16.55
4 16.58
4 16.59
4 16.61
4 16.62
4 16.67
4 16.68
4 16.68
4 16.71
4 16.71
4 16.71
4 16.71
4 16.72
4 16.74
4 16.75
4 16.75
4 16.75
4 16.76
4 16.76
4 16.77
4 16.78
4 16.79
4 16.81
4 16.81
4 16.82
4 16.82
4 16.82
4 16.85
4 16.86
4 16.87
4 16.92
4 16.93
4 16.94
4 16.96
4 16.96
4 16.97
4 16.98
4 17.00
4 17.01
4 17.03
4 17.07
4 17.09
4 17.17
4 17.18
4 21.46
4 21.65
4 27.56
4 28.00
5 17.71
5 17.80
5 19.41
5 19.65
5 19.66
5 19.67
5 19.93
5 20.01
5 20.01
5 20.05
5 20.17
5 20.18
5 20.19
5 20.36
5 20.37
5 20.38
5 20.39
5 20.42
5 20.45
5 20.45
5 20.54
5 20.58
5 20.58
5 20.64
5 20.64
5 20.64
5 20.65
5 20.67
5 20.67
5 20.68
5 20.68
5 20.71
5 20.73
5 20.77
5 20.77
5 20.79
5 20.84
5 20.85
5 20.85
5 20.85
5 20.86
5 20.87
5 20.87
5 20.88
5 20.88
5 20.91
5 20.95
5 20.96
5 20.99
5 20.99
5 21.03
5 21.04
5 21.10
5 21.13
5 26.53
5 26.87
6 23.56
6 23.57
6 23.83
6 23.90
6 23.96
6 24.03
6 24.04
6 24.05
6 24.07
6 24.09
6 24.10
6 24.11
6 24.22
6 24.26
6 24.26
6 24.29
6 24.36
6 24.43
6 24.50
6 24.54
6 24.54
6 24.56
6 24.60
6 24.61
6 24.62
6 24.62
6 24.67
6 24.69
6 24.69
6 24.74
6 24.76
6 24.76
6 24.91
6 24.98
6 24.98
6 25.01
6 25.03
6 25.07
6 25.19
6 25.21
6 25.36
6 25.40
6 25.43
6 25.45
6 25.53
6 25.80
6 32.24
6 33.24
6 46.73
6 48.16
7 28.55
7 28.58
7 28.66
7 28.68
7 28.68
7 28.72
7 28.72
7 28.73
7 28.77
7 28.87
7 29.37
7 29.50
7 29.53
7 29.57
7 29.59
7 29.62
7 29.62
7 29.63
7 29.64
7 29.65
7 29.66
7 29.69
7 29.72
7 29.73
7 29.74
7 29.77
7 29.79
7 29.80
7 29.88
7 29.89
7 29.89
7 30.04
7 30.12
7 30.17
7 30.19
7 30.23
7 30.36
7 30.42
7 30.42
7 30.48
7 30.62
7 30.71
7 30.92
7 31.04
7 31.06
7 31.06
7 31.13
7 31.16
7 31.20
7 31.22
7 31.25
7 31.31
7 31.33
7 31.39
7 39.47
7 41.18
8 35.93
8 36.01
8 36.01
8 36.04
8 36.16
8 36.33
8 36.81
8 36.82
8 36.85
8 36.92
8 36.96
8 36.96
8 37.03
8 37.06
8 37.10
8 37.10
8 37.12
8 37.14
8 37.20
8 37.21
8 37.26
8 37.27
8 37.28
8 37.29
8 37.33
8 37.37
8 37.40
8 37.42
8 37.45
8 37.62
8 37.65
8 37.95
8 38.07
8 38.22
8 38.27
8 38.39
8 38.50
8 38.52
8 38.56
8 38.60
8 38.66
8 38.68
8 38.72
8 38.80
8 38.81
8 38.86
8 38.87
8 38.96
8 38.97
8 39.01
8 39.05
8 39.07
8 39.09
8 39.18
8 39.28
8 39.29
8 69.27
8 71.17
8 72.67
8 73.98
8 75.86
8 75.89
8 76.80
8 77.02
8 77.46
8 78.47
9 42.72
9 43.78
9 43.83
9 43.86
9 44.14
9 44.15
9 44.31
9 44.36
9 44.61
9 44.72
9 44.95
9 45.00
9 45.01
9 45.14
9 45.15
9 45.16
9 45.21
9 45.22
9 45.27
9 45.29
9 45.35
9 45.40
9 45.47
9 45.49
9 45.52
9 45.52
9 45.54
9 45.55
9 45.60
9 45.78
9 45.82
9 45.83
9 45.84
9 45.85
9 46.25
9 46.49
9 46.68
9 46.89
9 46.90
9 46.91
9 47.11
9 47.14
9 47.51
9 47.70
9 57.13
9 58.52
10 112.36
10 112.56
10 112.64
10 114.51
10 114.98
10 115.11
10 117.78
10 120.35
10 46.87
10 47.59
10 49.77
10 50.27
10 50.76
10 50.95
10 51.53
10 51.62
10 51.87
10 51.89
10 51.91
10 52.10
10 52.11
10 52.52
10 53.10
10 53.24
10 53.27
10 53.35
10 53.58
10 53.72
10 53.74
10 53.81
10 53.86
10 54.51
10 55.40
10 55.43
10 55.62
10 55.74
10 56.08
10 56.11
10 56.55
10 56.62
10 56.72
10 56.98
10 71.91
10 76.37
11 63.23
11 63.41
11 63.93
11 64.52
11 64.57
11 64.66
11 65.72
11 65.92
11 66.29
11 66.33
11 66.61
11 66.72
11 67.02
11 67.72
11 68.22
11 68.38
11 69.66
11 69.72
12 104.99
12 107.78
12 167.05
12 171.36
12 72.91
12 75.82
12 76.47
12 76.81
12 77.32
12 77.60
12 77.72
12 79.05
12 79.06
12 79.06
12 79.10
12 79.48
13 118.48
13 126.65
13 87.59
13 88.87
13 89.01
13 89.36
13 90.38
13 90.64
13 90.99
13 91.10
13 91.66
13 92.67
14 104.27
14 105.93
14 110.12
14 111.38
14 233.55
14 248.46
15 120.66
15 121.54
15 122.02
15 124.80
15 125.52
15 126.87
15 127.34
15 127.59
16 148.03
16 149.51
16 150.28
16 150.44
16 152.13
16 152.58
16 152.73
16 152.85
16 153.09
16 153.29
16 153.42
16 153.79
16 155.19
16 155.35
16 155.47
16 155.52
16 155.53
16 155.58
16 330.84
16 336.31
16 363.50
16 371.55
17 165.95
17 166.56
17 167.29
17 168.18
17 168.78
17 169.72
17 171.56
17 172.56
17 172.61
17 173.87
17 174.02
17 175.80
17 175.87
17 175.94
17 176.35
17 176.36
17 176.66
17 177.47
18 188.65
18 191.36
18 200.24
18 201.35
18 201.87
18 206.70
18 210.76
18 211.17
18 212.58
18 212.64
18 452.32
18 464.27
18 466.96
18 476.75
18 485.75
18 494.49
18 496.16
18 501.93
19 230.19
19 232.61
19 238.21
19 238.46
19 239.34
19 240.55
19 241.03
19 241.06
20 264.55
20 265.90
20 267.40
20 269.96
20 274.99
20 275.04
20 275.09
20 276.74
20 561.72
20 567.09
20 740.64
20 773.46
21 312.76
21 327.49
22 369.70
22 378.02
23 424.07
23 425.64
23 438.38
23 439.17
24 491.33
24 511.66
24 522.46
24 525.34
25 592.50
25 725.88
