3 737136
3 737392
3 737432
3 737536
3 737556
3 737616
3 737624
3 737624
3 737772
3 737824
3 737848
3 737932
3 737996
3 738016
3 738092
3 738092
3 738120
3 738140
3 738160
3 738216
3 738236
3 738240
3 738252
3 738264
3 738268
3 738344
3 738420
3 738656
3 738700
3 738900
4 749708
4 750936
4 751156
4 751344
4 751764
4 751896
4 751992
4 752028
4 752040
4 752124
4 752612
4 752812
4 752888
4 752928
4 753420
4 753488
4 753532
4 753580
4 753796
4 754480
4 754720
4 754768
4 755172
4 755232
4 755304
4 755336
4 755368
4 755416
4 755532
4 755620
4 755640
4 755680
4 756124
4 756268
4 756360
4 756368
4 756524
4 756528
4 756532
4 756544
4 756584
4 756648
4 756704
4 756764
4 756780
4 756896
4 756976
4 757228
4 757484
4 758524
4 758612
4 758904
4 758940
4 759040
4 759144
4 759332
4 788816
4 789276
4 789376
4 789996
5 766596
5 766712
5 767716
5 767756
5 768016
5 768348
5 770656
5 770876
5 771176
5 771300
5 771624
5 771660
5 771952
5 772000
5 772088
5 772092
5 772116
5 772136
5 772180
5 772204
5 772212
5 772276
5 772356
5 772424
5 772452
5 772460
5 772476
5 772560
5 772608
5 773272
5 773388
5 773464
5 773592
5 773668
5 773684
5 773856
5 774044
5 774104
5 774160
5 774168
5 774224
5 774232
5 774300
5 774400
5 774432
5 774460
5 774644
5 775072
5 775844
5 776304
5 777228
5 777580
5 777992
5 778588
5 812988
5 813444
5 814312
5 816980
6 785720
6 788752
6 790904
6 791468
6 791636
6 791948
6 792120
6 792388
6 792412
6 792472
6 792816
6 792888
6 793128
6 793376
6 793480
6 793724
6 793744
6 793976
6 794104
6 794220
6 794220
6 794304
6 794500
6 794560
6 794688
6 795280
6 795300
6 795360
6 795424
6 795500
6 795772
6 795832
6 796120
6 796312
6 796956
6 797216
6 797328
6 797336
6 797396
6 797608
6 797800
6 798132
6 798644
6 798796
6 798852
6 799116
6 839004
6 839596
6 845388
6 847088
7 808364
7 809664
7 809680
7 809796
7 809900
7 810404
7 811516
7 811604
7 812060
7 812140
7 812672
7 812696
7 812808
7 812920
7 812952
7 813200
7 813220
7 813516
7 813552
7 813556
7 814060
7 814076
7 814116
7 814276
7 814388
7 814524
7 814596
7 814600
7 814700
7 814788
7 814860
7 815072
7 815192
7 815444
7 815552
7 815644
7 815652
7 815904
7 816072
7 816420
7 816428
7 816592
7 816668
7 816888
7 817192
7 817348
7 817612
7 817748
7 817864
7 817976
7 817996
7 818264
7 818668
7 818800
7 862100
7 863716
7 882392
7 888304
8 835944
8 839112
8 839732
8 840420
8 840568
8 841060
8 841664
8 841816
8 842092
8 842340
8 842560
8 842640
8 843596
8 843984
8 843988
8 844092
8 844180
8 844420
8 844740
8 845064
8 846308
8 846424
8 846644
8 847312
8 847352
8 847448
8 848040
8 848136
8 848316
8 849392
8 849680
8 851144
8 851848
8 852204
8 852392
8 852768
8 853248
8 853368
8 853748
8 854488
8 855332
8 855536
8 855692
8 855704
8 855872
8 856796
8 857640
8 857824
8 857884
8 859232
8 860612
8 861108
8 862636
8 863348
8 864008
8 866948
8 928264
8 928368
8 929192
8 929380
8 931328
8 931612
8 932196
8 932372
8 933164
8 935960
9 869356
9 871932
9 872748
9 873408
9 873508
9 875996
9 876276
9 877704
9 877740
9 877964
9 878248
9 878672
9 879036
9 879316
9 879628
9 879824
9 879840
9 879960
9 880352
9 880432
9 880544
9 880600
9 881440
9 881548
9 881552
9 882404
9 882496
9 884492
9 884504
9 885768
9 886244
9 886624
9 886928
9 887572
9 888976
9 889948
9 889976
9 890216
9 890276
9 892164
9 892236
9 893656
9 893884
9 894100
9 950424
9 968532
9 973120
9 981828
10 1018676
10 1030256
10 1032216
10 1033944
10 1034648
10 1036280
10 1036392
10 1036480
10 1036656
10 1036764
10 911556
10 916200
10 916264
10 918340
10 919240
10 920704
10 921456
10 922204
10 922304
10 923652
10 923740
10 924460
10 924780
10 924968
10 925756
10 925800
10 926376
10 926392
10 927768
10 927908
10 928740
10 928756
10 929100
10 929208
10 929472
10 930340
10 931496
10 931716
10 931828
10 932456
10 932476
10 932616
10 935264
10 936328
11 961100
11 967212
11 967768
11 967980
11 972772
11 976056
11 976904
11 977488
11 977692
11 977776
11 979108
11 979404
11 979728
11 980424
11 980760
11 981972
11 982176
11 982312
12 1026840
12 1026992
12 1027268
12 1030900
12 1031876
12 1032348
12 1033392
12 1033676
12 1033888
12 1035456
12 1035856
12 1036760
12 1171892
12 1172376
12 1184112
12 1187008
13 1088952
13 1089520
13 1095320
13 1108708
13 1111292
13 1113476
13 1115216
13 1115784
13 1115796
13 1120572
13 1220272
13 1221220
14 1172060
14 1172104
14 1172180
14 1172456
14 1435596
14 1435840
15 1220036
15 1226040
15 1226188
15 1226472
15 1226668
15 1264224
15 1264452
15 1264932
16 1429980
16 1430664
16 1439320
16 1440792
16 1440796
16 1440940
16 1440948
16 1441744
16 1441800
16 1442808
16 1443068
16 1443764
16 1444752
16 1445604
16 1445800
16 1445876
16 1454664
16 1461540
16 1658236
16 1662784
16 1672640
16 1674076
17 1496500
17 1500476
17 1511632
17 1511956
17 1521992
17 1522712
17 1524640
17 1524848
17 1529980
17 1530376
17 1530536
17 1530580
17 1530896
17 1589548
17 1589868
17 1599088
17 1599488
17 1600056
18 1637828
18 1638512
18 1662140
18 1663356
18 1664140
18 1665372
18 1667044
18 1667928
18 1690552
18 1692752
18 1930492
18 1930724
18 1958928
18 1959192
18 1964032
18 1964168
18 1966264
18 1968336
19 1782092
19 1794728
19 1795016
19 1799332
19 1801104
19 1807288
19 1809816
19 1815772
20 1835812
20 1840624
20 1860248
20 1860724
20 1882608
20 1945680
20 1981876
20 1982408
20 2264232
20 2285192
20 2342764
20 2343488
21 2096640
21 2099056
22 2277932
22 2340888
23 2469300
23 2469668
23 2474752
23 2477600
24 2614684
24 2618020
24 2618844
24 2781904
25 2823344
25 2884620
