param-n uconstr-I-1000-real uconstr-I-1000-sys uconstr-I-1000-user
0 0.017 0. 0.017
1 0.013 0.003 0.009
2 0.013 0. 0.013
3 0.022 0. 0.022
4 0.013 0. 0.013
5 0.013 0. 0.013
6 0.013 0. 0.013
7 0.017 0. 0.017
8 0.013 0. 0.013
9 0.014 0. 0.014
10 0.014 0. 0.014
11 0.013 0. 0.013
12 0.014 0. 0.014
13 0.015 0. 0.015
14 0.013 0. 0.013
15 0.013 0. 0.013
16 0.015 0. 0.015
17 0.014 0. 0.014
18 0.014 0. 0.014
19 0.015 0. 0.015
20 0.014 0. 0.014
21 0.014 0. 0.014
22 0.016 0. 0.016
23 0.014 0. 0.014
24 0.014 0. 0.014
25 0.015 0. 0.015
26 0.014 0. 0.014
27 0.015 0. 0.015
28 0.017 0. 0.017
29 0.013 0. 0.013
30 0.015 0. 0.015
31 0.017 0. 0.017
32 0.014 0. 0.014
33 0.014 0. 0.014
34 0.016 0. 0.016
35 0.014 0. 0.014
36 0.014 0. 0.014
37 0.016 0. 0.016
38 0.014 0. 0.014
39 0.014 0. 0.014
40 0.017 0. 0.017
41 0.014 0. 0.014
42 0.014 0. 0.014
43 0.016 0. 0.016
44 0.014 0. 0.014
45 0.015 0. 0.015
46 0.018 0. 0.018
47 0.014 0. 0.014
48 0.014 0. 0.014
49 0.016 0. 0.016
50 0.014 0. 0.014
51 0.014 0. 0.014
52 0.018 0. 0.018
53 0.014 0. 0.014
54 0.014 0. 0.014
55 0.017 0. 0.017
56 0.015 0. 0.015
57 0.015 0. 0.015
58 0.018 0. 0.018
59 0.015 0. 0.015
60 0.015 0. 0.015
61 0.017 0. 0.017
62 0.014 0. 0.014
63 0.014 0. 0.014
64 0.02 0. 0.02
65 0.015 0. 0.015
66 0.014 0. 0.014
67 0.017 0. 0.017
68 0.014 0. 0.014
69 0.014 0. 0.014
70 0.019 0. 0.019
71 0.014 0. 0.014
72 0.014 0. 0.014
73 0.018 0. 0.018
74 0.015 0. 0.015
75 0.014 0. 0.014
76 0.018 0. 0.018
77 0.014 0. 0.014
78 0.014 0. 0.014
79 0.018 0. 0.018
80 0.014 0. 0.014
81 0.014 0. 0.014
82 0.018 0. 0.018
83 0.016 0. 0.016
84 0.015 0. 0.015
85 0.018 0. 0.018
86 0.014 0. 0.014
87 0.014 0. 0.014
88 0.02 0. 0.02
89 0.015 0. 0.015
90 0.015 0. 0.015
91 0.017 0. 0.017
92 0.015 0. 0.015
93 0.015 0. 0.015
94 0.018 0. 0.018
95 0.015 0. 0.015
96 0.015 0. 0.015
97 0.018 0. 0.018
98 0.016 0. 0.016
99 0.016 0. 0.016
100 0.019 0. 0.019
101 0.015 0. 0.015
102 0.015 0. 0.015
103 0.018 0. 0.018
104 0.015 0. 0.015
105 0.015 0. 0.015
106 0.019 0. 0.019
107 0.015 0. 0.015
108 0.015 0. 0.015
109 0.019 0. 0.019
110 0.015 0. 0.015
111 0.015 0. 0.015
112 0.019 0. 0.019
113 0.015 0. 0.015
114 0.015 0. 0.015
115 0.019 0. 0.019
116 0.016 0. 0.016
117 0.016 0. 0.016
118 0.02 0. 0.02
119 0.016 0. 0.016
120 0.016 0. 0.016
121 0.018 0. 0.018
122 0.015 0. 0.015
123 0.015 0. 0.015
124 0.019 0. 0.019
125 0.015 0. 0.015
126 0.015 0. 0.015
127 0.019 0. 0.019
128 0.016 0. 0.016
129 0.015 0. 0.015
130 0.019 0. 0.019
131 0.015 0. 0.015
132 0.015 0. 0.015
133 0.018 0. 0.018
134 0.015 0. 0.015
135 0.015 0. 0.015
136 0.019 0. 0.019
137 0.016 0. 0.016
138 0.015 0. 0.015
139 0.018 0. 0.018
140 0.016 0. 0.016
141 0.016 0. 0.016
142 0.019 0. 0.019
143 0.015 0.002 0.013
144 0.015 0. 0.015
145 0.018 0. 0.018
146 0.015 0. 0.015
147 0.016 0. 0.016
148 0.019 0. 0.019
149 0.016 0. 0.016
150 0.015 0. 0.015
151 0.018 0. 0.018
152 0.015 0. 0.015
153 0.015 0. 0.015
154 0.018 0. 0.018
155 0.016 0. 0.016
156 0.017 0. 0.017
157 0.018 0. 0.018
158 0.016 0. 0.016
159 0.016 0. 0.016
160 0.017 0. 0.017
161 0.015 0. 0.015
162 0.016 0. 0.016
163 0.018 0. 0.018
164 0.016 0. 0.016
165 0.016 0. 0.016
166 0.017 0. 0.017
167 0.016 0. 0.016
168 0.015 0. 0.015
169 0.017 0. 0.017
170 0.016 0. 0.016
171 0.016 0. 0.016
172 0.017 0. 0.017
173 0.015 0. 0.015
174 0.015 0. 0.015
175 0.017 0. 0.017
176 0.015 0. 0.015
177 0.015 0. 0.015
178 0.017 0. 0.017
179 0.015 0. 0.015
180 0.016 0. 0.016
181 0.017 0. 0.017
182 0.017 0. 0.017
183 0.017 0. 0.017
184 0.016 0. 0.016
185 0.016 0. 0.016
186 0.019 0. 0.019
187 0.016 0. 0.016
188 0.016 0. 0.016
189 0.018 0. 0.018
190 0.016 0. 0.016
191 0.016 0. 0.016
192 0.02 0. 0.02
193 0.016 0. 0.016
194 0.016 0. 0.016
195 0.018 0. 0.018
196 0.017 0. 0.017
197 0.017 0. 0.017
198 0.019 0. 0.019
199 0.017 0. 0.017
200 0.017 0. 0.017
201 0.018 0. 0.018
202 0.016 0. 0.016
203 0.016 0. 0.016
204 0.019 0. 0.019
205 0.016 0. 0.016
206 0.017 0. 0.017
207 0.019 0. 0.019
208 0.016 0. 0.016
209 0.016 0. 0.016
210 0.018 0. 0.018
211 0.016 0. 0.016
212 0.016 0. 0.016
213 0.018 0. 0.018
214 0.017 0. 0.017
215 0.016 0. 0.016
216 0.019 0. 0.019
217 0.017 0. 0.017
218 0.017 0. 0.017
219 0.018 0. 0.018
220 0.016 0. 0.016
221 0.022 0. 0.022
222 0.017 0. 0.017
223 0.017 0. 0.017
224 0.019 0. 0.019
225 0.016 0. 0.016
226 0.016 0. 0.016
227 0.02 0. 0.02
228 0.016 0. 0.016
229 0.017 0. 0.017
230 0.019 0. 0.019
231 0.017 0. 0.017
232 0.017 0. 0.017
233 0.019 0. 0.019
234 0.018 0. 0.018
235 0.017 0. 0.017
236 0.019 0. 0.019
237 0.017 0. 0.017
238 0.016 0. 0.016
239 0.019 0. 0.019
240 0.017 0. 0.017
241 0.018 0. 0.018
242 0.019 0. 0.019
243 0.017 0. 0.017
244 0.017 0. 0.017
245 0.018 0. 0.018
246 0.017 0. 0.017
247 0.017 0.003 0.013
248 0.018 0. 0.018
249 0.018 0. 0.018
250 0.021 0. 0.021
251 0.018 0. 0.018
252 0.017 0. 0.017
253 0.02 0. 0.02
254 0.017 0. 0.017
255 0.018 0. 0.018
256 0.021 0.003 0.017
257 0.017 0. 0.017
258 0.018 0. 0.018
259 0.017 0. 0.017
260 0.017 0. 0.017
261 0.017 0. 0.017
262 0.018 0. 0.018
263 0.018 0. 0.018
264 0.017 0. 0.017
265 0.017 0. 0.017
266 0.017 0. 0.017
267 0.019 0. 0.019
268 0.017 0. 0.017
269 0.017 0. 0.017
270 0.017 0. 0.017
271 0.018 0. 0.018
272 0.018 0. 0.018
273 0.017 0. 0.017
274 0.017 0. 0.017
275 0.017 0. 0.017
276 0.017 0. 0.017
277 0.018 0. 0.018
278 0.017 0. 0.017
279 0.018 0. 0.018
280 0.018 0. 0.018
281 0.018 0. 0.018
282 0.017 0. 0.017
283 0.018 0. 0.018
284 0.018 0. 0.018
285 0.018 0. 0.018
286 0.017 0. 0.017
287 0.018 0. 0.018
288 0.018 0. 0.018
289 0.019 0. 0.019
290 0.019 0. 0.019
291 0.018 0. 0.018
292 0.018 0. 0.018
293 0.018 0. 0.018
294 0.019 0. 0.019
295 0.019 0. 0.019
296 0.019 0. 0.019
297 0.018 0. 0.018
298 0.019 0. 0.019
299 0.019 0. 0.019
300 0.018 0. 0.018
301 0.018 0. 0.018
302 0.018 0. 0.018
303 0.019 0. 0.019
304 0.019 0. 0.019
305 0.018 0. 0.018
306 0.018 0. 0.018
307 0.018 0. 0.018
308 0.018 0. 0.018
309 0.018 0. 0.018
310 0.018 0. 0.018
311 0.018 0. 0.018
312 0.018 0. 0.018
313 0.019 0. 0.019
314 0.018 0. 0.018
315 0.018 0. 0.018
316 0.018 0. 0.018
317 0.019 0. 0.019
318 0.019 0. 0.019
319 0.02 0. 0.02
320 0.018 0. 0.018
321 0.018 0. 0.018
322 0.018 0. 0.018
323 0.018 0. 0.018
324 0.018 0. 0.018
325 0.019 0. 0.019
326 0.019 0. 0.019
327 0.018 0. 0.018
328 0.019 0. 0.019
329 0.019 0. 0.019
330 0.019 0. 0.019
331 0.019 0. 0.019
332 0.019 0. 0.019
333 0.019 0. 0.019
334 0.019 0. 0.019
335 0.019 0. 0.019
336 0.019 0. 0.019
337 0.019 0. 0.019
338 0.019 0. 0.019
339 0.02 0. 0.02
340 0.02 0. 0.02
341 0.019 0. 0.019
342 0.019 0. 0.019
343 0.019 0. 0.019
344 0.019 0. 0.019
345 0.019 0. 0.019
346 0.019 0. 0.019
347 0.019 0. 0.019
348 0.019 0. 0.019
349 0.019 0. 0.019
350 0.019 0. 0.019
351 0.019 0. 0.019
352 0.02 0. 0.02
353 0.02 0. 0.02
354 0.019 0. 0.019
355 0.02 0. 0.02
356 0.019 0. 0.019
357 0.02 0. 0.02
358 0.019 0. 0.019
359 0.019 0. 0.019
360 0.02 0. 0.02
361 0.02 0. 0.02
362 0.019 0. 0.019
363 0.02 0. 0.02
364 0.02 0. 0.02
365 0.02 0. 0.02
366 0.02 0. 0.02
367 0.02 0. 0.02
368 0.019 0. 0.019
369 0.02 0. 0.02
370 0.019 0. 0.019
371 0.021 0. 0.021
372 0.02 0. 0.02
373 0.021 0. 0.021
374 0.02 0. 0.02
375 0.02 0. 0.02
376 0.02 0. 0.02
377 0.02 0. 0.02
378 0.021 0. 0.021
379 0.02 0. 0.02
380 0.02 0. 0.02
381 0.021 0. 0.021
382 0.02 0. 0.02
383 0.02 0. 0.02
384 0.02 0. 0.02
385 0.02 0. 0.02
386 0.021 0. 0.021
387 0.02 0. 0.02
388 0.02 0. 0.02
389 0.021 0. 0.021
390 0.02 0. 0.02
391 0.02 0. 0.02
392 0.02 0. 0.02
393 0.021 0. 0.021
394 0.02 0. 0.02
395 0.02 0. 0.02
396 0.021 0. 0.021
397 0.02 0. 0.02
398 0.02 0. 0.02
399 0.02 0. 0.02
400 0.02 0.003 0.016
401 0.02 0. 0.02
402 0.021 0. 0.021
403 0.022 0. 0.022
404 0.021 0. 0.021
405 0.021 0. 0.021
406 0.022 0. 0.022
407 0.021 0. 0.021
408 0.02 0. 0.02
409 0.02 0. 0.02
410 0.021 0. 0.021
411 0.021 0. 0.021
412 0.021 0. 0.021
413 0.021 0. 0.021
414 0.021 0. 0.021
415 0.022 0. 0.022
416 0.021 0. 0.021
417 0.021 0. 0.021
418 0.021 0. 0.021
419 0.022 0. 0.022
420 0.022 0. 0.022
421 0.022 0. 0.022
422 0.022 0. 0.022
423 0.022 0. 0.022
424 0.022 0. 0.022
425 0.022 0. 0.022
426 0.021 0. 0.021
427 0.021 0. 0.021
428 0.022 0. 0.022
429 0.023 0. 0.023
430 0.022 0. 0.022
431 0.021 0. 0.021
432 0.021 0. 0.021
433 0.022 0. 0.022
434 0.022 0. 0.022
435 0.022 0. 0.022
436 0.022 0. 0.022
437 0.022 0. 0.022
438 0.022 0. 0.022
439 0.021 0. 0.021
440 0.022 0. 0.022
441 0.022 0. 0.022
442 0.022 0. 0.022
443 0.023 0. 0.023
444 0.022 0. 0.022
445 0.022 0. 0.022
446 0.022 0. 0.022
447 0.024 0. 0.024
448 0.022 0. 0.022
449 0.022 0. 0.022
450 0.022 0. 0.022
451 0.022 0. 0.022
452 0.022 0. 0.023
453 0.022 0. 0.022
454 0.022 0. 0.022
455 0.023 0. 0.023
456 0.024 0. 0.024
457 0.022 0. 0.022
458 0.022 0. 0.022
459 0.023 0. 0.023
460 0.023 0. 0.023
461 0.023 0. 0.023
462 0.022 0. 0.022
463 0.022 0. 0.022
464 0.024 0. 0.024
465 0.023 0. 0.023
466 0.023 0. 0.023
467 0.023 0. 0.023
468 0.023 0. 0.023
469 0.023 0. 0.023
470 0.023 0. 0.023
471 0.023 0. 0.023
472 0.023 0. 0.023
473 0.023 0. 0.023
474 0.023 0. 0.023
475 0.023 0. 0.023
476 0.023 0. 0.023
477 0.024 0. 0.024
478 0.024 0. 0.024
479 0.023 0. 0.023
480 0.023 0. 0.023
481 0.023 0. 0.023
482 0.024 0. 0.024
483 0.024 0. 0.024
484 0.024 0. 0.024
485 0.024 0. 0.024
486 0.024 0. 0.024
487 0.024 0. 0.024
488 0.023 0. 0.023
489 0.024 0. 0.024
490 0.024 0. 0.024
491 0.024 0. 0.024
492 0.024 0. 0.024
493 0.023 0. 0.023
494 0.025 0. 0.025
495 0.024 0. 0.024
496 0.024 0. 0.024
497 0.024 0. 0.024
498 0.025 0. 0.025
499 0.024 0. 0.024
500 0.024 0. 0.024
501 0.024 0. 0.024
502 0.024 0. 0.024
503 0.024 0. 0.024
504 0.024 0. 0.024
505 0.024 0. 0.024
506 0.025 0. 0.025
507 0.024 0. 0.024
508 0.024 0. 0.024
509 0.024 0. 0.024
510 0.024 0. 0.024
511 0.024 0. 0.024
512 0.024 0. 0.024
513 0.024 0. 0.024
514 0.024 0. 0.024
515 0.025 0. 0.025
516 0.024 0. 0.024
517 0.024 0. 0.024
518 0.024 0. 0.024
519 0.024 0. 0.024
520 0.024 0. 0.024
521 0.025 0. 0.025
522 0.025 0. 0.025
523 0.025 0. 0.025
524 0.026 0.003 0.022
525 0.024 0. 0.024
526 0.026 0. 0.026
527 0.024 0. 0.024
528 0.025 0. 0.025
529 0.025 0. 0.025
530 0.025 0. 0.025
531 0.026 0. 0.026
532 0.025 0. 0.025
533 0.025 0. 0.025
534 0.025 0. 0.025
535 0.026 0. 0.026
536 0.025 0. 0.025
537 0.025 0. 0.025
538 0.026 0. 0.026
539 0.027 0. 0.027
540 0.025 0. 0.025
541 0.026 0. 0.026
542 0.025 0. 0.025
543 0.026 0. 0.026
544 0.026 0. 0.026
545 0.026 0. 0.026
546 0.026 0. 0.026
547 0.026 0. 0.026
548 0.026 0. 0.026
549 0.026 0. 0.026
550 0.027 0. 0.027
551 0.027 0. 0.027
552 0.026 0. 0.026
553 0.027 0. 0.027
554 0.026 0. 0.026
555 0.027 0. 0.027
556 0.027 0. 0.027
557 0.028 0. 0.028
558 0.026 0. 0.026
559 0.026 0. 0.026
560 0.026 0. 0.026
561 0.027 0. 0.027
562 0.028 0. 0.028
563 0.026 0. 0.026
564 0.027 0. 0.027
565 0.027 0. 0.027
566 0.028 0. 0.028
567 0.027 0. 0.027
568 0.027 0. 0.027
569 0.027 0. 0.027
570 0.027 0. 0.027
571 0.027 0. 0.027
572 0.027 0. 0.027
573 0.027 0. 0.027
574 0.027 0. 0.027
575 0.027 0. 0.027
576 0.027 0. 0.027
577 0.027 0. 0.027
578 0.027 0. 0.027
579 0.027 0. 0.027
580 0.028 0. 0.028
581 0.027 0. 0.027
582 0.027 0. 0.027
583 0.028 0. 0.028
584 0.028 0. 0.028
585 0.027 0. 0.027
586 0.027 0. 0.027
587 0.029 0. 0.029
588 0.027 0. 0.027
589 0.027 0. 0.027
590 0.028 0. 0.028
591 0.028 0. 0.028
592 0.028 0. 0.028
593 0.028 0. 0.028
594 0.027 0. 0.027
595 0.029 0. 0.029
596 0.027 0. 0.027
597 0.029 0. 0.029
598 0.027 0. 0.027
599 0.028 0. 0.028
600 0.028 0. 0.028
601 0.028 0. 0.028
602 0.029 0. 0.029
603 0.028 0. 0.028
604 0.028 0. 0.028
605 0.028 0. 0.028
606 0.029 0. 0.029
607 0.029 0. 0.029
608 0.028 0. 0.028
609 0.028 0. 0.028
610 0.028 0. 0.028
611 0.029 0. 0.029
612 0.029 0. 0.029
613 0.028 0. 0.028
614 0.028 0. 0.028
615 0.03 0. 0.03
616 0.029 0. 0.029
617 0.029 0. 0.029
618 0.029 0. 0.029
619 0.029 0. 0.029
620 0.03 0. 0.03
621 0.03 0. 0.03
622 0.029 0. 0.029
623 0.029 0. 0.029
624 0.029 0. 0.029
625 0.029 0. 0.029
626 0.03 0. 0.03
627 0.029 0. 0.029
628 0.03 0. 0.03
629 0.03 0. 0.03
630 0.031 0. 0.031
631 0.029 0. 0.029
632 0.029 0. 0.029
633 0.03 0. 0.03
634 0.031 0. 0.031
635 0.03 0. 0.03
636 0.031 0. 0.031
637 0.03 0. 0.03
638 0.03 0. 0.03
639 0.03 0. 0.03
640 0.029 0. 0.029
641 0.031 0. 0.031
642 0.03 0. 0.03
643 0.031 0. 0.031
644 0.03 0. 0.03
645 0.03 0. 0.03
646 0.03 0. 0.03
647 0.031 0. 0.031
648 0.03 0. 0.03
649 0.03 0. 0.03
650 0.031 0. 0.031
651 0.031 0. 0.031
652 0.031 0. 0.031
653 0.031 0. 0.031
654 0.031 0. 0.031
655 0.031 0. 0.031
656 0.031 0. 0.031
657 0.032 0. 0.032
658 0.031 0. 0.031
659 0.032 0. 0.032
660 0.031 0. 0.031
661 0.031 0. 0.031
662 0.031 0. 0.031
663 0.032 0. 0.032
664 0.031 0. 0.031
665 0.033 0. 0.033
666 0.031 0. 0.031
667 0.031 0. 0.031
668 0.032 0. 0.032
669 0.031 0. 0.031
670 0.032 0. 0.032
671 0.031 0. 0.031
672 0.031 0. 0.031
673 0.032 0. 0.032
674 0.033 0. 0.033
675 0.032 0. 0.032
676 0.032 0. 0.032
677 0.032 0. 0.032
678 0.033 0. 0.033
679 0.032 0. 0.032
680 0.032 0.003 0.028
681 0.032 0. 0.032
682 0.032 0. 0.032
683 0.033 0. 0.033
684 0.032 0. 0.032
685 0.032 0. 0.032
686 0.032 0. 0.032
687 0.033 0. 0.033
688 0.032 0. 0.032
689 0.033 0. 0.033
690 0.033 0. 0.033
691 0.033 0. 0.033
692 0.033 0. 0.033
693 0.033 0. 0.033
694 0.033 0. 0.033
695 0.033 0. 0.033
696 0.034 0. 0.034
697 0.033 0. 0.033
698 0.033 0. 0.033
699 0.034 0. 0.034
700 0.033 0. 0.033
701 0.033 0. 0.033
702 0.034 0. 0.034
703 0.034 0. 0.034
704 0.033 0. 0.033
705 0.033 0. 0.033
706 0.034 0. 0.034
707 0.033 0. 0.033
708 0.033 0. 0.033
709 0.034 0. 0.034
710 0.034 0. 0.034
711 0.034 0. 0.034
712 0.034 0. 0.034
713 0.034 0. 0.034
714 0.034 0. 0.034
715 0.035 0. 0.035
716 0.034 0. 0.034
717 0.034 0. 0.034
718 0.034 0. 0.034
719 0.035 0. 0.035
720 0.034 0. 0.034
721 0.034 0. 0.034
722 0.035 0. 0.035
723 0.034 0. 0.034
724 0.034 0. 0.034
725 0.034 0. 0.034
726 0.034 0. 0.034
727 0.034 0. 0.034
728 0.034 0. 0.034
729 0.034 0. 0.034
730 0.034 0. 0.034
731 0.035 0. 0.035
732 0.035 0. 0.035
733 0.035 0. 0.035
734 0.035 0. 0.035
735 0.036 0. 0.036
736 0.035 0. 0.035
737 0.035 0. 0.035
738 0.035 0. 0.035
739 0.035 0. 0.035
740 0.035 0. 0.035
741 0.035 0. 0.035
742 0.035 0. 0.035
743 0.035 0. 0.035
744 0.035 0. 0.035
745 0.036 0.003 0.032
746 0.035 0. 0.035
747 0.035 0. 0.035
748 0.036 0. 0.036
749 0.036 0. 0.036
750 0.036 0. 0.036
751 0.036 0. 0.036
752 0.035 0. 0.035
753 0.036 0. 0.036
754 0.036 0. 0.036
755 0.036 0. 0.036
756 0.036 0. 0.036
757 0.036 0. 0.036
758 0.037 0. 0.037
759 0.037 0. 0.037
760 0.036 0. 0.036
761 0.037 0. 0.037
762 0.036 0. 0.036
763 0.036 0. 0.036
764 0.036 0. 0.036
765 0.036 0. 0.036
766 0.036 0. 0.036
767 0.036 0. 0.036
768 0.037 0. 0.037
769 0.036 0. 0.036
770 0.036 0. 0.036
771 0.037 0. 0.037
772 0.037 0. 0.037
773 0.038 0. 0.038
774 0.036 0. 0.036
775 0.037 0. 0.037
776 0.037 0. 0.037
777 0.037 0. 0.037
778 0.038 0. 0.038
779 0.037 0. 0.037
780 0.037 0. 0.037
781 0.038 0. 0.038
782 0.037 0. 0.037
783 0.037 0. 0.037
784 0.037 0.003 0.033
785 0.038 0. 0.038
786 0.038 0. 0.038
787 0.037 0. 0.037
788 0.037 0. 0.037
789 0.038 0. 0.038
790 0.038 0. 0.038
791 0.038 0. 0.038
792 0.038 0. 0.038
793 0.038 0. 0.038
794 0.038 0. 0.038
795 0.038 0. 0.038
796 0.038 0. 0.038
797 0.038 0. 0.038
798 0.039 0. 0.039
799 0.038 0. 0.038
800 0.038 0. 0.038
801 0.038 0. 0.038
802 0.038 0. 0.038
803 0.038 0. 0.038
804 0.038 0. 0.038
805 0.039 0. 0.039
806 0.038 0. 0.038
807 0.038 0. 0.038
808 0.039 0. 0.039
809 0.039 0. 0.039
810 0.039 0. 0.039
811 0.038 0. 0.038
812 0.039 0. 0.039
813 0.039 0. 0.039
814 0.039 0. 0.039
815 0.038 0. 0.038
816 0.038 0. 0.038
817 0.039 0. 0.039
818 0.04 0. 0.04
819 0.039 0. 0.039
820 0.039 0. 0.039
821 0.039 0. 0.039
822 0.04 0. 0.04
823 0.04 0. 0.04
824 0.039 0. 0.039
825 0.041 0. 0.041
826 0.04 0. 0.04
827 0.04 0. 0.04
828 0.04 0. 0.04
829 0.04 0. 0.04
830 0.04 0. 0.04
831 0.04 0. 0.04
832 0.041 0. 0.041
833 0.039 0. 0.039
834 0.04 0. 0.04
835 0.04 0. 0.04
836 0.041 0. 0.041
837 0.04 0. 0.04
838 0.04 0. 0.04
839 0.04 0. 0.04
840 0.04 0. 0.04
841 0.04 0. 0.04
842 0.04 0. 0.04
843 0.04 0. 0.04
844 0.041 0. 0.041
845 0.041 0. 0.041
846 0.041 0. 0.041
847 0.04 0. 0.04
848 0.041 0. 0.041
849 0.042 0. 0.042
850 0.041 0. 0.041
851 0.041 0. 0.041
852 0.041 0. 0.041
853 0.041 0. 0.041
854 0.041 0. 0.041
855 0.041 0. 0.041
856 0.041 0. 0.041
857 0.041 0. 0.041
858 0.041 0. 0.041
859 0.041 0. 0.041
860 0.041 0. 0.041
861 0.043 0. 0.043
862 0.042 0. 0.042
863 0.041 0. 0.041
864 0.041 0. 0.041
865 0.043 0. 0.043
866 0.042 0. 0.042
867 0.042 0. 0.042
868 0.043 0. 0.043
869 0.042 0. 0.042
870 0.042 0. 0.042
871 0.043 0. 0.043
872 0.042 0. 0.042
873 0.042 0. 0.042
874 0.041 0. 0.041
875 0.043 0. 0.043
876 0.041 0. 0.041
877 0.041 0.003 0.037
878 0.042 0. 0.042
879 0.042 0. 0.042
880 0.042 0. 0.042
881 0.042 0. 0.042
882 0.042 0. 0.042
883 0.042 0. 0.042
884 0.042 0. 0.042
885 0.043 0. 0.043
886 0.042 0. 0.042
887 0.042 0. 0.042
888 0.042 0. 0.042
889 0.042 0. 0.042
890 0.043 0. 0.043
891 0.043 0. 0.043
892 0.042 0. 0.042
893 0.043 0. 0.043
894 0.043 0. 0.043
895 0.043 0. 0.043
896 0.043 0. 0.043
897 0.043 0. 0.043
898 0.043 0. 0.043
899 0.043 0. 0.043
900 0.043 0. 0.043
901 0.043 0. 0.043
902 0.043 0. 0.043
903 0.043 0. 0.043
904 0.043 0.003 0.039
905 0.043 0. 0.043
906 0.043 0. 0.043
907 0.044 0. 0.044
908 0.044 0. 0.044
909 0.044 0. 0.044
910 0.044 0. 0.044
911 0.044 0. 0.044
912 0.045 0. 0.045
913 0.045 0. 0.045
914 0.044 0. 0.044
915 0.045 0. 0.045
916 0.044 0. 0.044
917 0.044 0. 0.044
918 0.044 0. 0.044
919 0.044 0. 0.044
920 0.045 0. 0.045
921 0.045 0. 0.045
922 0.044 0. 0.044
923 0.044 0. 0.044
924 0.045 0. 0.045
925 0.045 0. 0.045
926 0.045 0. 0.045
927 0.045 0. 0.045
928 0.045 0. 0.045
929 0.045 0. 0.045
930 0.046 0. 0.046
931 0.046 0. 0.046
932 0.045 0. 0.045
933 0.045 0. 0.045
934 0.045 0. 0.045
935 0.046 0. 0.046
936 0.045 0. 0.045
937 0.045 0. 0.045
938 0.045 0. 0.045
939 0.045 0. 0.045
940 0.045 0. 0.045
941 0.046 0. 0.046
942 0.045 0. 0.045
943 0.046 0. 0.046
944 0.046 0. 0.046
945 0.045 0. 0.045
946 0.046 0. 0.046
947 0.046 0. 0.046
948 0.046 0. 0.046
949 0.046 0. 0.046
950 0.046 0. 0.046
951 0.046 0. 0.046
952 0.046 0. 0.046
953 0.046 0. 0.046
954 0.047 0. 0.047
955 0.046 0. 0.046
956 0.047 0. 0.047
957 0.047 0. 0.047
958 0.046 0. 0.046
959 0.046 0. 0.046
960 0.046 0. 0.046
961 0.047 0. 0.047
962 0.047 0. 0.047
963 0.047 0. 0.047
964 0.047 0. 0.047
965 0.047 0. 0.047
966 0.048 0. 0.048
967 0.047 0. 0.047
968 0.047 0. 0.047
969 0.047 0. 0.047
970 0.047 0. 0.047
971 0.047 0. 0.047
972 0.047 0. 0.047
973 0.047 0. 0.047
974 0.047 0. 0.047
975 0.048 0. 0.048
976 0.047 0. 0.047
977 0.048 0. 0.048
978 0.047 0. 0.047
979 0.047 0. 0.047
980 0.047 0. 0.047
981 0.049 0. 0.049
982 0.047 0. 0.047
983 0.047 0. 0.047
984 0.047 0. 0.047
985 0.047 0. 0.047
986 0.047 0. 0.047
987 0.048 0. 0.048
988 0.048 0. 0.048
989 0.047 0. 0.047
990 0.047 0. 0.047
991 0.048 0. 0.048
992 0.048 0. 0.048
993 0.047 0. 0.047
994 0.048 0. 0.048
995 0.048 0. 0.048
996 0.048 0. 0.048
997 0.049 0. 0.049
998 0.048 0. 0.048
999 0.048 0. 0.048
1000 0.048 0. 0.048
1001 0.048 0. 0.048
1002 0.048 0. 0.048
1003 0.049 0. 0.049
1004 0.048 0. 0.048
1005 0.048 0. 0.048
1006 0.049 0. 0.049
1007 0.049 0. 0.049
1008 0.048 0. 0.048
1009 0.049 0. 0.048
1010 0.049 0. 0.049
1011 0.049 0. 0.049
1012 0.049 0. 0.049
1013 0.049 0. 0.049
1014 0.049 0. 0.049
1015 0.049 0. 0.049
1016 0.049 0. 0.049
1017 0.049 0. 0.049
1018 0.049 0. 0.049
1019 0.049 0. 0.049
1020 0.049 0. 0.049
1021 0.049 0. 0.049
1022 0.049 0. 0.049
1023 0.05 0. 0.05
1024 0.049 0. 0.049
1025 0.049 0. 0.049
1026 0.05 0. 0.05
1027 0.05 0. 0.05
1028 0.049 0. 0.049
1029 0.049 0. 0.049
1030 0.049 0. 0.049
1031 0.049 0. 0.049
1032 0.05 0. 0.05
1033 0.05 0. 0.05
1034 0.05 0. 0.05
1035 0.05 0. 0.05
1036 0.05 0. 0.05
1037 0.05 0. 0.05
1038 0.05 0. 0.05
1039 0.05 0. 0.05
1040 0.05 0. 0.05
1041 0.05 0. 0.05
1042 0.05 0. 0.05
1043 0.05 0. 0.05
1044 0.051 0. 0.051
1045 0.05 0. 0.05
1046 0.05 0. 0.05
1047 0.05 0. 0.05
1048 0.05 0. 0.05
1049 0.051 0. 0.051
1050 0.05 0. 0.05
1051 0.05 0. 0.05
1052 0.051 0. 0.051
1053 0.05 0. 0.05
1054 0.05 0. 0.05
1055 0.05 0. 0.05
1056 0.05 0. 0.05
1057 0.052 0. 0.052
1058 0.051 0. 0.051
1059 0.051 0. 0.051
1060 0.05 0. 0.05
1061 0.05 0. 0.05
1062 0.051 0. 0.051
1063 0.052 0. 0.052
1064 0.051 0. 0.051
1065 0.051 0. 0.051
1066 0.051 0. 0.051
1067 0.051 0. 0.051
1068 0.051 0. 0.051
1069 0.051 0. 0.051
1070 0.051 0. 0.051
1071 0.052 0. 0.052
1072 0.051 0. 0.051
1073 0.051 0. 0.051
1074 0.051 0. 0.051
1075 0.051 0. 0.051
1076 0.051 0. 0.051
1077 0.052 0. 0.052
1078 0.052 0. 0.052
1079 0.053 0. 0.053
1080 0.051 0. 0.051
1081 0.052 0. 0.052
1082 0.052 0. 0.052
1083 0.052 0. 0.052
1084 0.052 0. 0.052
1085 0.053 0. 0.053
1086 0.052 0. 0.052
1087 0.052 0. 0.052
1088 0.052 0. 0.052
1089 0.053 0. 0.053
1090 0.052 0. 0.052
1091 0.053 0. 0.053
1092 0.053 0. 0.053
1093 0.052 0. 0.052
1094 0.053 0. 0.053
1095 0.053 0. 0.053
1096 0.052 0. 0.052
1097 0.052 0. 0.052
1098 0.053 0. 0.053
1099 0.052 0. 0.052
1100 0.053 0. 0.053
1101 0.052 0.004 0.048
1102 0.053 0. 0.053
1103 0.053 0. 0.053
1104 0.053 0. 0.053
1105 0.053 0. 0.053
1106 0.053 0. 0.053
1107 0.053 0. 0.053
1108 0.054 0. 0.054
1109 0.054 0. 0.054
1110 0.053 0. 0.053
1111 0.053 0. 0.053
1112 0.053 0. 0.053
1113 0.054 0. 0.054
1114 0.053 0. 0.053
1115 0.054 0. 0.054
1116 0.053 0. 0.053
1117 0.054 0. 0.054
1118 0.053 0. 0.053
1119 0.054 0. 0.054
1120 0.054 0. 0.054
1121 0.054 0. 0.054
1122 0.054 0. 0.054
1123 0.055 0. 0.055
1124 0.055 0. 0.055
1125 0.055 0. 0.055
1126 0.055 0. 0.055
1127 0.054 0. 0.054
1128 0.054 0. 0.054
1129 0.054 0. 0.054
1130 0.055 0. 0.055
1131 0.055 0. 0.055
1132 0.054 0. 0.054
1133 0.054 0. 0.054
1134 0.055 0. 0.055
1135 0.055 0. 0.055
1136 0.054 0. 0.054
1137 0.054 0. 0.054
1138 0.055 0. 0.055
1139 0.054 0. 0.054
1140 0.054 0. 0.054
1141 0.054 0. 0.054
1142 0.054 0. 0.054
1143 0.055 0. 0.055
1144 0.055 0. 0.055
1145 0.055 0. 0.055
1146 0.054 0. 0.054
1147 0.055 0. 0.055
1148 0.055 0. 0.055
1149 0.056 0. 0.056
1150 0.055 0. 0.055
1151 0.055 0. 0.055
1152 0.055 0. 0.055
1153 0.055 0. 0.055
1154 0.055 0. 0.055
1155 0.056 0. 0.056
1156 0.056 0. 0.056
1157 0.056 0. 0.056
1158 0.055 0. 0.055
1159 0.056 0. 0.056
1160 0.055 0. 0.055
1161 0.057 0. 0.057
1162 0.055 0. 0.055
1163 0.057 0. 0.057
1164 0.056 0. 0.056
1165 0.056 0. 0.056
1166 0.056 0. 0.056
1167 0.055 0. 0.055
1168 0.055 0. 0.055
1169 0.056 0. 0.056
1170 0.056 0. 0.056
1171 0.056 0. 0.056
1172 0.056 0. 0.056
1173 0.056 0. 0.056
1174 0.056 0. 0.056
1175 0.056 0. 0.056
1176 0.056 0. 0.056
1177 0.057 0. 0.057
1178 0.056 0. 0.056
1179 0.057 0. 0.057
1180 0.056 0. 0.056
1181 0.056 0. 0.056
1182 0.056 0. 0.056
1183 0.056 0. 0.056
1184 0.057 0. 0.057
1185 0.057 0. 0.057
1186 0.056 0. 0.056
1187 0.057 0. 0.057
1188 0.057 0. 0.057
1189 0.057 0. 0.057
1190 0.057 0. 0.057
1191 0.056 0. 0.056
1192 0.057 0. 0.057
1193 0.057 0. 0.057
1194 0.057 0. 0.057
1195 0.057 0. 0.057
1196 0.057 0. 0.057
1197 0.058 0. 0.058
1198 0.057 0. 0.057
1199 0.057 0. 0.057
1200 0.057 0. 0.057
1201 0.058 0. 0.058
1202 0.057 0. 0.057
1203 0.058 0. 0.058
1204 0.058 0. 0.058
1205 0.058 0. 0.058
1206 0.058 0. 0.058
1207 0.058 0. 0.058
1208 0.057 0. 0.057
1209 0.058 0. 0.058
1210 0.058 0. 0.058
1211 0.058 0. 0.058
1212 0.058 0. 0.058
1213 0.058 0. 0.058
1214 0.058 0. 0.058
1215 0.058 0. 0.058
1216 0.058 0. 0.058
1217 0.058 0. 0.058
1218 0.058 0. 0.058
1219 0.059 0. 0.059
1220 0.058 0. 0.058
1221 0.058 0. 0.058
1222 0.058 0. 0.058
1223 0.058 0. 0.058
1224 0.058 0. 0.058
1225 0.058 0. 0.058
1226 0.058 0. 0.058
1227 0.058 0. 0.058
1228 0.058 0. 0.058
1229 0.059 0. 0.059
1230 0.058 0. 0.058
1231 0.059 0. 0.059
1232 0.059 0. 0.059
1233 0.059 0. 0.059
1234 0.058 0. 0.058
1235 0.058 0. 0.058
1236 0.058 0. 0.058
1237 0.059 0. 0.059
1238 0.059 0. 0.059
1239 0.059 0. 0.059
1240 0.059 0. 0.059
1241 0.059 0. 0.059
1242 0.059 0. 0.059
1243 0.059 0. 0.059
1244 0.059 0. 0.059
1245 0.059 0.003 0.055
1246 0.059 0. 0.059
1247 0.06 0. 0.06
1248 0.059 0. 0.059
1249 0.059 0. 0.059
1250 0.06 0. 0.06
1251 0.06 0. 0.06
1252 0.061 0. 0.061
1253 0.06 0. 0.06
1254 0.059 0. 0.059
1255 0.059 0. 0.059
1256 0.06 0. 0.06
1257 0.059 0. 0.059
1258 0.059 0. 0.059
1259 0.06 0. 0.06
1260 0.059 0. 0.059
1261 0.06 0. 0.06
1262 0.06 0. 0.06
1263 0.06 0. 0.06
1264 0.06 0. 0.06
1265 0.06 0. 0.06
1266 0.06 0. 0.06
1267 0.061 0. 0.061
1268 0.06 0. 0.06
1269 0.061 0. 0.061
1270 0.061 0. 0.061
1271 0.06 0. 0.06
1272 0.06 0. 0.06
1273 0.061 0. 0.061
1274 0.061 0. 0.061
1275 0.061 0. 0.061
1276 0.06 0. 0.06
1277 0.061 0. 0.061
1278 0.061 0. 0.061
1279 0.06 0. 0.06
1280 0.06 0. 0.06
1281 0.06 0. 0.06
1282 0.061 0. 0.061
1283 0.062 0. 0.062
1284 0.06 0. 0.06
1285 0.061 0. 0.061
1286 0.061 0. 0.061
1287 0.06 0. 0.06
1288 0.062 0. 0.062
1289 0.061 0. 0.061
1290 0.061 0. 0.061
1291 0.061 0. 0.061
1292 0.061 0. 0.061
1293 0.061 0. 0.061
1294 0.061 0. 0.061
1295 0.061 0. 0.061
1296 0.061 0.003 0.057
1297 0.061 0. 0.061
1298 0.061 0. 0.061
1299 0.062 0. 0.062
1300 0.061 0. 0.061
1301 0.061 0. 0.061
1302 0.062 0. 0.062
1303 0.062 0. 0.062
1304 0.061 0. 0.061
1305 0.063 0. 0.063
1306 0.062 0. 0.062
1307 0.062 0. 0.062
1308 0.062 0. 0.062
1309 0.062 0. 0.062
1310 0.062 0.003 0.058
1311 0.062 0. 0.062
1312 0.062 0. 0.062
1313 0.063 0. 0.063
1314 0.062 0. 0.062
1315 0.063 0. 0.063
1316 0.062 0. 0.062
1317 0.063 0. 0.063
1318 0.063 0. 0.063
1319 0.063 0. 0.063
1320 0.063 0. 0.063
1321 0.062 0. 0.062
1322 0.062 0. 0.062
1323 0.063 0. 0.063
1324 0.063 0. 0.063
1325 0.062 0. 0.062
1326 0.063 0. 0.063
1327 0.063 0. 0.063
1328 0.063 0. 0.063
1329 0.063 0. 0.063
1330 0.062 0. 0.062
1331 0.063 0. 0.063
1332 0.063 0. 0.063
1333 0.063 0. 0.063
1334 0.063 0. 0.063
1335 0.063 0. 0.063
1336 0.064 0. 0.064
1337 0.064 0. 0.064
1338 0.063 0. 0.063
1339 0.063 0. 0.063
1340 0.063 0. 0.063
1341 0.063 0. 0.063
1342 0.063 0. 0.063
1343 0.064 0. 0.064
1344 0.063 0. 0.063
1345 0.064 0. 0.064
1346 0.064 0. 0.064
1347 0.063 0. 0.063
1348 0.064 0. 0.064
1349 0.064 0. 0.064
1350 0.063 0. 0.063
1351 0.065 0. 0.065
1352 0.064 0. 0.064
1353 0.063 0. 0.063
1354 0.064 0. 0.064
1355 0.064 0. 0.064
1356 0.063 0. 0.063
1357 0.063 0. 0.063
1358 0.064 0. 0.064
1359 0.064 0. 0.064
1360 0.064 0. 0.064
1361 0.064 0. 0.064
1362 0.064 0. 0.064
1363 0.064 0. 0.064
1364 0.065 0. 0.065
1365 0.064 0. 0.064
1366 0.064 0. 0.064
1367 0.065 0. 0.065
1368 0.064 0. 0.064
1369 0.064 0. 0.064
1370 0.064 0. 0.064
1371 0.064 0. 0.064
1372 0.064 0. 0.064
1373 0.064 0. 0.064
1374 0.064 0. 0.064
1375 0.065 0. 0.065
1376 0.064 0. 0.064
1377 0.065 0. 0.065
1378 0.065 0. 0.065
1379 0.066 0. 0.066
1380 0.065 0. 0.065
1381 0.065 0. 0.065
1382 0.065 0. 0.065
1383 0.065 0. 0.065
1384 0.065 0. 0.065
1385 0.065 0. 0.065
1386 0.065 0. 0.065
1387 0.065 0. 0.065
1388 0.065 0. 0.065
1389 0.066 0. 0.066
1390 0.066 0. 0.066
1391 0.065 0. 0.065
1392 0.065 0. 0.065
1393 0.065 0. 0.065
1394 0.066 0. 0.066
1395 0.066 0. 0.066
1396 0.065 0. 0.065
1397 0.066 0. 0.066
1398 0.066 0. 0.066
1399 0.065 0. 0.065
1400 0.066 0. 0.066
1401 0.067 0. 0.067
1402 0.065 0. 0.065
1403 0.066 0. 0.066
1404 0.066 0. 0.066
1405 0.066 0. 0.066
1406 0.066 0. 0.066
1407 0.067 0. 0.067
1408 0.065 0. 0.065
1409 0.066 0. 0.066
1410 0.066 0. 0.066
1411 0.066 0. 0.066
1412 0.066 0. 0.066
1413 0.066 0. 0.066
1414 0.066 0. 0.066
1415 0.066 0. 0.066
1416 0.066 0. 0.066
1417 0.066 0. 0.066
1418 0.067 0. 0.067
1419 0.067 0. 0.067
1420 0.066 0. 0.066
1421 0.067 0.003 0.063
1422 0.067 0. 0.067
1423 0.066 0. 0.066
1424 0.067 0. 0.067
1425 0.067 0. 0.067
1426 0.067 0. 0.067
1427 0.067 0. 0.067
1428 0.066 0. 0.066
1429 0.067 0. 0.067
1430 0.067 0. 0.067
1431 0.067 0. 0.067
1432 0.067 0. 0.067
1433 0.067 0. 0.067
1434 0.066 0. 0.066
1435 0.067 0. 0.067
1436 0.068 0. 0.068
1437 0.067 0. 0.067
1438 0.067 0. 0.067
1439 0.067 0. 0.067
1440 0.067 0. 0.067
1441 0.067 0. 0.067
1442 0.067 0. 0.067
1443 0.067 0. 0.067
1444 0.067 0. 0.067
1445 0.068 0. 0.068
1446 0.067 0. 0.067
1447 0.067 0. 0.067
1448 0.067 0. 0.067
1449 0.067 0. 0.067
1450 0.068 0. 0.068
1451 0.067 0. 0.067
1452 0.067 0. 0.067
1453 0.068 0. 0.068
1454 0.067 0. 0.067
1455 0.067 0. 0.067
1456 0.068 0. 0.068
1457 0.068 0. 0.068
1458 0.069 0. 0.069
1459 0.067 0. 0.067
1460 0.068 0. 0.068
1461 0.068 0. 0.068
1462 0.068 0. 0.068
1463 0.069 0. 0.069
1464 0.068 0. 0.068
1465 0.069 0. 0.069
1466 0.069 0. 0.069
1467 0.069 0. 0.069
1468 0.068 0. 0.068
1469 0.069 0. 0.069
1470 0.068 0. 0.068
1471 0.069 0. 0.069
1472 0.069 0. 0.069
1473 0.068 0. 0.068
1474 0.069 0. 0.069
1475 0.069 0. 0.069
1476 0.068 0. 0.068
1477 0.068 0. 0.068
1478 0.068 0. 0.068
1479 0.069 0. 0.069
1480 0.069 0. 0.069
1481 0.069 0. 0.069
1482 0.068 0. 0.068
1483 0.069 0. 0.069
1484 0.068 0. 0.068
1485 0.068 0. 0.068
1486 0.069 0. 0.069
1487 0.069 0. 0.069
1488 0.069 0. 0.069
1489 0.069 0. 0.069
1490 0.07 0. 0.07
1491 0.068 0. 0.068
1492 0.069 0. 0.069
1493 0.069 0. 0.069
1494 0.069 0. 0.069
1495 0.069 0. 0.069
1496 0.069 0. 0.069
1497 0.069 0. 0.069
1498 0.069 0. 0.069
1499 0.07 0. 0.07
1500 0.068 0. 0.068
1501 0.067 0. 0.067
1502 0.067 0. 0.067
1503 0.067 0. 0.067
1504 0.067 0. 0.067
1505 0.067 0. 0.067
1506 0.067 0. 0.067
1507 0.068 0. 0.068
1508 0.068 0. 0.068
1509 0.068 0. 0.068
1510 0.068 0. 0.068
1511 0.067 0. 0.067
1512 0.068 0. 0.068
1513 0.069 0. 0.069
1514 0.069 0. 0.069
1515 0.068 0. 0.068
1516 0.069 0. 0.069
1517 0.068 0. 0.068
1518 0.069 0. 0.069
1519 0.069 0. 0.069
1520 0.069 0. 0.069
1521 0.069 0. 0.069
1522 0.068 0. 0.068
1523 0.069 0. 0.069
1524 0.069 0. 0.069
1525 0.069 0. 0.069
1526 0.07 0. 0.07
1527 0.069 0. 0.069
1528 0.069 0. 0.069
1529 0.069 0. 0.069
1530 0.068 0. 0.068
1531 0.069 0. 0.069
1532 0.069 0. 0.069
1533 0.068 0. 0.068
1534 0.069 0. 0.069
1535 0.068 0. 0.068
1536 0.069 0. 0.069
1537 0.069 0. 0.069
1538 0.068 0. 0.068
1539 0.069 0. 0.069
1540 0.07 0. 0.07
1541 0.07 0. 0.07
1542 0.069 0. 0.069
1543 0.07 0. 0.07
1544 0.069 0. 0.069
1545 0.069 0. 0.069
1546 0.07 0. 0.07
1547 0.069 0. 0.069
1548 0.069 0. 0.069
1549 0.069 0. 0.069
1550 0.07 0. 0.07
1551 0.069 0. 0.069
1552 0.069 0. 0.069
1553 0.069 0. 0.069
1554 0.069 0. 0.069
1555 0.069 0. 0.069
1556 0.069 0. 0.069
1557 0.07 0. 0.07
1558 0.069 0. 0.069
1559 0.069 0. 0.069
1560 0.069 0. 0.069
1561 0.07 0. 0.07
1562 0.069 0. 0.069
1563 0.07 0. 0.07
1564 0.07 0. 0.07
1565 0.07 0. 0.07
1566 0.07 0. 0.07
1567 0.07 0. 0.07
1568 0.07 0. 0.07
1569 0.07 0. 0.07
1570 0.071 0. 0.071
1571 0.07 0. 0.07
1572 0.07 0. 0.07
1573 0.07 0. 0.07
1574 0.071 0. 0.071
1575 0.07 0. 0.07
1576 0.07 0. 0.07
1577 0.07 0. 0.07
1578 0.07 0. 0.07
1579 0.07 0. 0.07
1580 0.07 0. 0.07
1581 0.07 0. 0.07
1582 0.07 0. 0.07
1583 0.071 0. 0.071
1584 0.071 0. 0.071
1585 0.071 0. 0.071
1586 0.071 0. 0.071
1587 0.071 0. 0.071
1588 0.071 0. 0.071
1589 0.071 0. 0.071
1590 0.071 0. 0.071
1591 0.071 0. 0.071
1592 0.071 0. 0.071
1593 0.071 0. 0.071
1594 0.071 0. 0.071
1595 0.071 0. 0.071
1596 0.071 0. 0.071
1597 0.071 0. 0.071
1598 0.071 0. 0.071
1599 0.071 0. 0.071
1600 0.071 0. 0.071
1601 0.071 0. 0.071
1602 0.073 0. 0.073
1603 0.072 0. 0.072
1604 0.071 0. 0.071
1605 0.072 0. 0.072
1606 0.072 0. 0.072
1607 0.073 0. 0.073
1608 0.072 0. 0.072
1609 0.072 0. 0.072
1610 0.072 0. 0.072
1611 0.072 0. 0.072
1612 0.072 0. 0.072
1613 0.072 0. 0.072
1614 0.072 0. 0.072
1615 0.072 0. 0.072
1616 0.072 0. 0.072
1617 0.072 0. 0.072
1618 0.072 0. 0.072
1619 0.072 0. 0.072
1620 0.072 0. 0.072
1621 0.072 0. 0.072
1622 0.072 0. 0.072
1623 0.072 0. 0.072
1624 0.072 0. 0.072
1625 0.072 0. 0.072
1626 0.072 0. 0.072
1627 0.072 0. 0.072
1628 0.072 0. 0.072
1629 0.072 0. 0.072
1630 0.073 0. 0.073
1631 0.072 0. 0.072
1632 0.072 0. 0.072
1633 0.072 0. 0.072
1634 0.073 0. 0.073
1635 0.072 0. 0.072
1636 0.073 0. 0.073
1637 0.073 0. 0.073
1638 0.073 0. 0.073
1639 0.073 0. 0.073
1640 0.072 0. 0.072
1641 0.073 0. 0.073
1642 0.073 0. 0.073
1643 0.073 0.004 0.069
1644 0.073 0. 0.073
1645 0.072 0. 0.072
1646 0.072 0. 0.072
1647 0.072 0. 0.072
1648 0.072 0. 0.072
1649 0.073 0. 0.073
1650 0.073 0. 0.073
1651 0.073 0. 0.073
1652 0.074 0. 0.074
1653 0.073 0. 0.073
1654 0.074 0. 0.074
1655 0.074 0. 0.074
1656 0.073 0. 0.073
1657 0.073 0. 0.073
1658 0.074 0. 0.074
1659 0.074 0. 0.074
1660 0.073 0. 0.073
1661 0.074 0. 0.074
1662 0.073 0. 0.073
1663 0.074 0. 0.074
1664 0.074 0. 0.074
1665 0.073 0. 0.073
1666 0.073 0. 0.073
1667 0.074 0. 0.074
1668 0.074 0. 0.074
1669 0.075 0. 0.075
1670 0.074 0. 0.074
1671 0.073 0. 0.073
1672 0.073 0. 0.073
1673 0.074 0. 0.074
1674 0.074 0. 0.074
1675 0.074 0. 0.074
1676 0.075 0. 0.075
1677 0.074 0. 0.074
1678 0.074 0.003 0.07
1679 0.074 0. 0.074
1680 0.073 0. 0.073
1681 0.073 0. 0.073
1682 0.074 0. 0.074
1683 0.074 0. 0.074
1684 0.074 0. 0.074
1685 0.074 0. 0.074
1686 0.074 0. 0.074
1687 0.075 0. 0.075
1688 0.074 0. 0.074
1689 0.074 0. 0.074
1690 0.074 0. 0.074
1691 0.075 0. 0.075
1692 0.074 0. 0.074
1693 0.074 0. 0.074
1694 0.074 0.003 0.07
1695 0.074 0. 0.074
1696 0.074 0. 0.074
1697 0.074 0. 0.074
1698 0.075 0. 0.075
1699 0.075 0. 0.075
1700 0.074 0. 0.074
1701 0.074 0. 0.074
1702 0.074 0. 0.074
1703 0.074 0. 0.074
1704 0.074 0. 0.074
1705 0.076 0. 0.076
1706 0.075 0. 0.075
1707 0.075 0. 0.075
1708 0.075 0. 0.075
1709 0.075 0. 0.075
1710 0.075 0. 0.075
1711 0.075 0. 0.075
1712 0.075 0. 0.075
1713 0.075 0. 0.075
1714 0.075 0. 0.075
1715 0.075 0. 0.075
1716 0.075 0. 0.075
1717 0.075 0. 0.075
1718 0.075 0. 0.075
1719 0.075 0. 0.075
1720 0.075 0. 0.075
1721 0.075 0. 0.075
1722 0.076 0. 0.076
1723 0.075 0. 0.075
1724 0.075 0. 0.075
1725 0.075 0. 0.075
1726 0.075 0. 0.075
1727 0.075 0. 0.075
1728 0.075 0. 0.075
1729 0.075 0. 0.075
1730 0.076 0. 0.076
1731 0.076 0. 0.076
1732 0.076 0. 0.076
1733 0.076 0. 0.076
1734 0.076 0. 0.076
1735 0.076 0. 0.076
1736 0.076 0. 0.076
1737 0.077 0. 0.077
1738 0.076 0. 0.076
1739 0.076 0. 0.076
1740 0.076 0. 0.076
1741 0.076 0. 0.076
1742 0.076 0. 0.076
1743 0.076 0. 0.076
1744 0.077 0. 0.077
1745 0.078 0. 0.078
1746 0.078 0. 0.078
1747 0.076 0. 0.076
1748 0.077 0. 0.077
1749 0.077 0. 0.077
1750 0.077 0. 0.077
1751 0.077 0. 0.077
1752 0.077 0. 0.077
1753 0.076 0. 0.076
1754 0.077 0. 0.077
1755 0.076 0. 0.076
1756 0.077 0. 0.077
1757 0.076 0. 0.076
1758 0.076 0. 0.076
1759 0.077 0. 0.077
1760 0.078 0. 0.078
1761 0.077 0. 0.077
1762 0.077 0. 0.077
1763 0.078 0. 0.078
1764 0.076 0. 0.076
1765 0.078 0. 0.078
1766 0.078 0. 0.078
1767 0.079 0. 0.079
1768 0.077 0. 0.077
1769 0.077 0. 0.077
1770 0.077 0. 0.077
1771 0.077 0. 0.077
1772 0.077 0. 0.077
1773 0.078 0. 0.078
1774 0.077 0. 0.077
1775 0.077 0. 0.077
1776 0.077 0. 0.077
1777 0.077 0. 0.077
1778 0.077 0. 0.077
1779 0.077 0. 0.077
1780 0.078 0. 0.078
1781 0.077 0. 0.077
1782 0.078 0. 0.078
1783 0.078 0. 0.078
1784 0.079 0. 0.079
1785 0.077 0. 0.077
1786 0.078 0. 0.078
1787 0.077 0. 0.077
1788 0.078 0. 0.078
1789 0.078 0. 0.078
1790 0.078 0. 0.078
1791 0.078 0. 0.078
1792 0.078 0. 0.078
1793 0.078 0. 0.078
1794 0.078 0. 0.078
1795 0.079 0. 0.079
1796 0.078 0. 0.078
1797 0.079 0. 0.079
1798 0.078 0. 0.078
1799 0.078 0. 0.078
1800 0.078 0. 0.078
1801 0.079 0. 0.079
1802 0.078 0. 0.078
1803 0.078 0. 0.078
1804 0.078 0. 0.078
1805 0.078 0. 0.078
1806 0.078 0. 0.078
1807 0.078 0. 0.078
1808 0.078 0. 0.078
1809 0.078 0. 0.078
1810 0.078 0. 0.078
1811 0.078 0. 0.078
1812 0.078 0. 0.078
1813 0.08 0. 0.08
1814 0.079 0. 0.079
1815 0.078 0. 0.078
1816 0.079 0. 0.079
1817 0.079 0. 0.079
1818 0.078 0. 0.078
1819 0.079 0. 0.079
1820 0.079 0. 0.079
1821 0.08 0. 0.08
1822 0.079 0. 0.079
1823 0.079 0. 0.079
1824 0.08 0. 0.08
1825 0.079 0. 0.079
1826 0.079 0. 0.079
1827 0.08 0. 0.08
1828 0.08 0. 0.08
1829 0.079 0. 0.079
1830 0.079 0. 0.079
1831 0.079 0. 0.079
1832 0.079 0. 0.079
1833 0.079 0. 0.079
1834 0.08 0. 0.08
1835 0.079 0. 0.079
1836 0.079 0. 0.079
1837 0.08 0. 0.08
1838 0.08 0. 0.08
1839 0.079 0. 0.079
1840 0.08 0. 0.08
1841 0.081 0. 0.081
1842 0.08 0. 0.08
1843 0.08 0. 0.08
1844 0.08 0. 0.08
1845 0.081 0. 0.081
1846 0.079 0. 0.079
1847 0.08 0. 0.08
1848 0.081 0. 0.081
1849 0.08 0. 0.08
1850 0.081 0. 0.081
1851 0.08 0. 0.08
1852 0.08 0. 0.08
1853 0.08 0. 0.08
1854 0.081 0. 0.081
1855 0.08 0. 0.08
1856 0.08 0. 0.08
1857 0.08 0. 0.08
1858 0.08 0. 0.08
1859 0.08 0. 0.08
1860 0.08 0. 0.08
1861 0.08 0. 0.08
1862 0.081 0. 0.081
1863 0.081 0. 0.081
1864 0.08 0. 0.08
1865 0.081 0. 0.081
1866 0.082 0.003 0.078
1867 0.081 0. 0.081
1868 0.08 0. 0.08
1869 0.08 0. 0.08
1870 0.081 0. 0.081
1871 0.081 0. 0.081
1872 0.082 0. 0.082
1873 0.08 0. 0.08
1874 0.081 0. 0.081
1875 0.081 0. 0.081
1876 0.081 0. 0.081
1877 0.081 0. 0.081
1878 0.082 0. 0.082
1879 0.081 0. 0.081
1880 0.081 0. 0.081
1881 0.081 0. 0.081
1882 0.081 0. 0.081
1883 0.082 0. 0.082
1884 0.081 0. 0.081
1885 0.082 0. 0.082
1886 0.081 0. 0.081
1887 0.083 0. 0.083
1888 0.082 0. 0.082
1889 0.083 0. 0.083
1890 0.081 0. 0.081
1891 0.081 0. 0.081
1892 0.082 0. 0.082
1893 0.081 0. 0.081
1894 0.082 0. 0.082
1895 0.081 0. 0.081
1896 0.082 0. 0.082
1897 0.082 0. 0.082
1898 0.082 0. 0.082
1899 0.081 0. 0.081
1900 0.081 0. 0.081
1901 0.082 0. 0.082
1902 0.082 0. 0.082
1903 0.082 0. 0.082
1904 0.083 0. 0.083
1905 0.082 0. 0.082
1906 0.082 0. 0.082
1907 0.083 0. 0.083
1908 0.083 0. 0.083
1909 0.082 0. 0.082
1910 0.082 0. 0.082
1911 0.083 0. 0.083
1912 0.083 0. 0.083
1913 0.082 0. 0.082
1914 0.083 0. 0.083
1915 0.082 0. 0.082
1916 0.083 0. 0.083
1917 0.082 0. 0.082
1918 0.082 0. 0.082
1919 0.083 0. 0.083
1920 0.084 0. 0.084
1921 0.083 0. 0.083
1922 0.083 0. 0.083
1923 0.082 0. 0.082
1924 0.083 0. 0.083
1925 0.083 0. 0.083
1926 0.084 0. 0.084
1927 0.083 0. 0.083
1928 0.082 0. 0.082
1929 0.083 0. 0.083
1930 0.083 0. 0.083
1931 0.084 0. 0.084
1932 0.083 0. 0.083
1933 0.083 0. 0.083
1934 0.083 0. 0.083
1935 0.083 0. 0.083
1936 0.083 0. 0.083
1937 0.083 0. 0.083
1938 0.083 0. 0.083
1939 0.085 0. 0.085
1940 0.085 0. 0.085
1941 0.084 0. 0.084
1942 0.083 0. 0.083
1943 0.084 0. 0.084
1944 0.083 0. 0.083
1945 0.084 0. 0.084
1946 0.084 0. 0.084
1947 0.084 0. 0.084
1948 0.084 0. 0.084
1949 0.083 0. 0.083
1950 0.083 0. 0.083
1951 0.084 0. 0.084
1952 0.084 0. 0.084
1953 0.084 0. 0.084
1954 0.084 0. 0.084
1955 0.085 0. 0.085
1956 0.084 0. 0.084
1957 0.084 0. 0.084
1958 0.084 0. 0.084
1959 0.084 0. 0.084
1960 0.084 0. 0.084
1961 0.084 0. 0.084
1962 0.084 0. 0.084
1963 0.084 0. 0.084
1964 0.084 0. 0.084
1965 0.084 0. 0.084
1966 0.084 0. 0.084
1967 0.084 0. 0.084
1968 0.084 0. 0.084
1969 0.084 0. 0.084
1970 0.085 0. 0.085
1971 0.086 0. 0.086
1972 0.084 0. 0.084
1973 0.085 0. 0.085
1974 0.085 0. 0.085
1975 0.085 0. 0.085
1976 0.085 0. 0.085
1977 0.084 0. 0.084
1978 0.086 0. 0.086
1979 0.084 0. 0.084
1980 0.085 0. 0.085
1981 0.085 0. 0.085
1982 0.085 0. 0.085
1983 0.085 0. 0.085
1984 0.086 0. 0.086
1985 0.085 0. 0.085
1986 0.086 0. 0.086
1987 0.086 0. 0.086
1988 0.086 0. 0.086
1989 0.086 0. 0.086
1990 0.086 0. 0.086
1991 0.085 0. 0.085
1992 0.086 0. 0.086
1993 0.085 0. 0.085
1994 0.086 0. 0.086
1995 0.086 0. 0.086
1996 0.086 0. 0.086
1997 0.086 0. 0.086
1998 0.086 0. 0.086
1999 0.086 0. 0.086
2000 0.086 0. 0.086
2001 0.086 0. 0.086
2002 0.087 0. 0.086
2003 0.086 0. 0.086
2004 0.086 0. 0.086
2005 0.086 0. 0.086
2006 0.086 0. 0.086
2007 0.086 0. 0.086
2008 0.086 0. 0.086
2009 0.086 0. 0.086
2010 0.086 0. 0.086
2011 0.086 0. 0.086
2012 0.087 0. 0.087
2013 0.086 0. 0.086
2014 0.086 0. 0.086
2015 0.086 0. 0.086
2016 0.086 0. 0.086
2017 0.087 0. 0.087
2018 0.087 0. 0.087
2019 0.087 0. 0.087
2020 0.086 0. 0.086
2021 0.087 0. 0.087
2022 0.087 0. 0.087
2023 0.086 0. 0.086
2024 0.087 0. 0.087
2025 0.087 0. 0.087
2026 0.088 0. 0.088
2027 0.086 0. 0.086
2028 0.086 0. 0.086
2029 0.087 0. 0.087
2030 0.086 0. 0.086
2031 0.086 0. 0.086
2032 0.086 0. 0.086
2033 0.088 0. 0.088
2034 0.087 0. 0.087
2035 0.086 0. 0.086
2036 0.087 0. 0.087
2037 0.087 0. 0.087
2038 0.087 0. 0.087
2039 0.087 0. 0.087
2040 0.089 0. 0.089
2041 0.087 0. 0.087
2042 0.087 0. 0.087
2043 0.087 0. 0.087
2044 0.087 0. 0.087
2045 0.087 0. 0.087
2046 0.087 0.003 0.083
2047 0.089 0. 0.089
2048 0.088 0. 0.088
2049 0.098 0.003 0.094
2050 0.088 0. 0.088
2051 0.089 0. 0.089
2052 0.087 0. 0.087
2053 0.088 0. 0.088
2054 0.087 0. 0.087
2055 0.089 0. 0.089
2056 0.087 0. 0.087
2057 0.089 0. 0.089
2058 0.088 0. 0.087
2059 0.088 0. 0.088
2060 0.088 0. 0.088
2061 0.087 0. 0.087
2062 0.089 0. 0.089
2063 0.088 0. 0.088
2064 0.087 0. 0.087
2065 0.088 0. 0.088
2066 0.088 0. 0.088
2067 0.088 0. 0.088
2068 0.089 0. 0.089
2069 0.089 0. 0.089
2070 0.087 0. 0.087
2071 0.088 0. 0.088
2072 0.089 0. 0.089
2073 0.088 0. 0.088
2074 0.088 0. 0.088
2075 0.088 0. 0.088
2076 0.088 0. 0.088
2077 0.089 0. 0.089
2078 0.088 0. 0.088
2079 0.088 0. 0.088
2080 0.089 0. 0.088
2081 0.089 0. 0.089
2082 0.088 0. 0.088
2083 0.089 0. 0.088
2084 0.088 0. 0.088
2085 0.09 0. 0.09
2086 0.088 0. 0.088
2087 0.088 0. 0.088
2088 0.089 0. 0.089
2089 0.089 0. 0.089
2090 0.089 0. 0.089
2091 0.089 0. 0.089
2092 0.089 0. 0.089
2093 0.089 0. 0.089
2094 0.089 0. 0.089
2095 0.088 0. 0.088
2096 0.09 0. 0.09
2097 0.089 0. 0.089
2098 0.089 0. 0.089
2099 0.09 0. 0.09
2100 0.089 0. 0.089
2101 0.089 0. 0.089
2102 0.089 0. 0.089
2103 0.089 0. 0.089
2104 0.089 0. 0.089
2105 0.089 0. 0.089
2106 0.09 0. 0.09
2107 0.089 0. 0.089
2108 0.09 0. 0.09
2109 0.09 0. 0.09
2110 0.089 0. 0.089
2111 0.089 0. 0.089
2112 0.09 0. 0.09
2113 0.089 0. 0.089
2114 0.09 0. 0.09
2115 0.091 0. 0.091
2116 0.09 0. 0.09
2117 0.09 0. 0.09
2118 0.09 0. 0.09
2119 0.09 0. 0.089
2120 0.09 0. 0.09
2121 0.091 0. 0.091
2122 0.091 0. 0.091
2123 0.09 0. 0.09
2124 0.09 0. 0.09
2125 0.09 0. 0.09
2126 0.09 0. 0.09
2127 0.09 0. 0.09
2128 0.092 0. 0.091
2129 0.09 0. 0.09
2130 0.092 0. 0.091
2131 0.092 0.003 0.088
2132 0.091 0. 0.091
2133 0.09 0. 0.09
2134 0.09 0. 0.09
2135 0.092 0. 0.092
2136 0.09 0. 0.09
2137 0.09 0. 0.09
2138 0.092 0. 0.092
2139 0.092 0. 0.092
2140 0.091 0. 0.091
2141 0.092 0. 0.092
2142 0.091 0. 0.091
2143 0.092 0. 0.092
2144 0.091 0. 0.091
2145 0.091 0. 0.091
2146 0.091 0. 0.091
2147 0.091 0. 0.091
2148 0.091 0. 0.091
2149 0.091 0. 0.091
2150 0.092 0. 0.092
2151 0.091 0. 0.091
2152 0.092 0. 0.092
2153 0.092 0. 0.092
2154 0.091 0. 0.091
2155 0.092 0. 0.092
2156 0.091 0. 0.091
2157 0.092 0. 0.091
2158 0.092 0. 0.092
2159 0.091 0. 0.091
2160 0.092 0. 0.092
2161 0.092 0. 0.092
2162 0.092 0. 0.092
2163 0.092 0. 0.092
2164 0.093 0. 0.093
2165 0.093 0. 0.093
2166 0.092 0. 0.092
2167 0.093 0. 0.093
2168 0.093 0. 0.092
2169 0.092 0. 0.092
2170 0.092 0. 0.092
2171 0.093 0. 0.093
2172 0.093 0. 0.093
2173 0.092 0. 0.092
2174 0.093 0. 0.093
2175 0.092 0. 0.092
2176 0.092 0. 0.092
2177 0.093 0. 0.093
2178 0.092 0. 0.092
2179 0.093 0. 0.093
2180 0.093 0. 0.093
2181 0.093 0. 0.093
2182 0.093 0. 0.093
2183 0.093 0. 0.093
2184 0.093 0. 0.092
2185 0.093 0. 0.093
2186 0.092 0. 0.092
2187 0.093 0. 0.093
2188 0.093 0. 0.093
2189 0.093 0. 0.092
2190 0.094 0. 0.094
2191 0.093 0. 0.093
2192 0.093 0. 0.093
2193 0.093 0. 0.093
2194 0.094 0. 0.094
2195 0.093 0. 0.093
2196 0.093 0. 0.093
2197 0.093 0. 0.093
2198 0.093 0. 0.093
2199 0.093 0. 0.093
2200 0.093 0. 0.093
2201 0.094 0. 0.094
2202 0.093 0. 0.093
2203 0.093 0. 0.093
2204 0.094 0. 0.094
2205 0.094 0. 0.094
2206 0.093 0. 0.093
2207 0.093 0. 0.093
2208 0.093 0. 0.093
2209 0.094 0. 0.094
2210 0.093 0. 0.093
2211 0.094 0. 0.094
2212 0.094 0. 0.094
2213 0.094 0. 0.094
2214 0.094 0. 0.093
2215 0.093 0. 0.093
2216 0.094 0. 0.094
2217 0.093 0. 0.093
2218 0.094 0. 0.094
2219 0.095 0. 0.095
2220 0.093 0. 0.093
2221 0.094 0. 0.094
2222 0.094 0. 0.094
2223 0.094 0. 0.094
2224 0.094 0. 0.094
2225 0.094 0. 0.094
2226 0.095 0. 0.095
2227 0.094 0. 0.094
2228 0.094 0. 0.094
2229 0.094 0. 0.094
2230 0.094 0. 0.094
2231 0.094 0. 0.094
2232 0.094 0. 0.094
2233 0.094 0. 0.094
2234 0.094 0. 0.094
2235 0.094 0. 0.094
2236 0.094 0. 0.094
2237 0.095 0. 0.095
2238 0.095 0. 0.094
2239 0.095 0. 0.094
2240 0.095 0. 0.095
2241 0.094 0. 0.094
2242 0.096 0. 0.095
2243 0.095 0. 0.094
2244 0.095 0. 0.095
2245 0.095 0. 0.095
2246 0.095 0. 0.095
2247 0.095 0. 0.095
2248 0.095 0. 0.095
2249 0.095 0. 0.095
2250 0.095 0. 0.095
2251 0.095 0. 0.095
2252 0.095 0. 0.095
2253 0.095 0. 0.095
2254 0.095 0. 0.095
2255 0.096 0. 0.095
2256 0.095 0. 0.095
2257 0.096 0. 0.096
2258 0.095 0. 0.095
2259 0.095 0. 0.095
2260 0.095 0. 0.095
2261 0.095 0. 0.095
2262 0.097 0. 0.097
2263 0.095 0. 0.095
2264 0.095 0. 0.095
2265 0.095 0. 0.095
2266 0.095 0. 0.095
2267 0.095 0. 0.095
2268 0.095 0. 0.095
2269 0.096 0. 0.096
2270 0.095 0. 0.095
2271 0.096 0. 0.096
2272 0.097 0. 0.097
2273 0.095 0. 0.095
2274 0.096 0. 0.096
2275 0.096 0. 0.095
2276 0.096 0. 0.096
2277 0.096 0. 0.096
2278 0.096 0. 0.096
2279 0.096 0. 0.096
2280 0.096 0. 0.096
2281 0.096 0. 0.096
2282 0.096 0. 0.096
2283 0.096 0. 0.096
2284 0.096 0. 0.096
2285 0.096 0. 0.096
2286 0.096 0. 0.096
2287 0.096 0. 0.096
2288 0.096 0. 0.096
2289 0.097 0. 0.096
2290 0.097 0. 0.097
2291 0.096 0. 0.096
2292 0.096 0. 0.096
2293 0.096 0. 0.096
2294 0.097 0. 0.097
2295 0.097 0. 0.097
2296 0.098 0. 0.098
2297 0.096 0. 0.096
2298 0.097 0. 0.097
2299 0.098 0. 0.098
2300 0.097 0. 0.096
2301 0.096 0. 0.096
2302 0.096 0. 0.096
2303 0.096 0. 0.096
2304 0.097 0. 0.097
2305 0.097 0. 0.097
2306 0.097 0. 0.097
2307 0.097 0. 0.097
2308 0.097 0. 0.097
2309 0.097 0. 0.097
2310 0.097 0. 0.097
2311 0.097 0. 0.097
2312 0.097 0. 0.097
2313 0.097 0. 0.097
2314 0.098 0. 0.098
2315 0.098 0. 0.098
2316 0.098 0. 0.098
2317 0.098 0. 0.097
2318 0.098 0. 0.098
2319 0.098 0. 0.098
2320 0.098 0. 0.098
2321 0.098 0. 0.097
2322 0.098 0. 0.098
2323 0.098 0. 0.098
2324 0.098 0. 0.098
2325 0.098 0. 0.098
2326 0.098 0. 0.097
2327 0.098 0. 0.098
2328 0.098 0. 0.098
2329 0.098 0. 0.098
2330 0.098 0. 0.098
2331 0.098 0. 0.098
2332 0.098 0. 0.098
2333 0.098 0. 0.098
2334 0.098 0. 0.098
2335 0.098 0. 0.098
2336 0.099 0. 0.098
2337 0.1 0. 0.1
2338 0.099 0. 0.098
2339 0.099 0. 0.098
2340 0.098 0. 0.098
2341 0.098 0. 0.098
2342 0.099 0. 0.098
2343 0.098 0. 0.098
2344 0.099 0. 0.098
2345 0.098 0. 0.098
2346 0.099 0. 0.099
2347 0.099 0. 0.099
2348 0.098 0. 0.098
2349 0.098 0. 0.098
2350 0.098 0. 0.098
2351 0.098 0. 0.098
2352 0.098 0. 0.098
2353 0.099 0. 0.099
2354 0.099 0. 0.099
2355 0.098 0. 0.098
2356 0.1 0. 0.1
2357 0.098 0. 0.098
2358 0.099 0. 0.099
2359 0.099 0. 0.099
2360 0.099 0. 0.099
2361 0.099 0. 0.099
2362 0.099 0. 0.099
2363 0.099 0. 0.099
2364 0.099 0. 0.099
2365 0.099 0. 0.099
2366 0.099 0. 0.099
2367 0.1 0. 0.1
2368 0.099 0. 0.099
2369 0.1 0. 0.1
2370 0.099 0. 0.099
2371 0.099 0. 0.099
2372 0.099 0. 0.099
2373 0.1 0. 0.1
2374 0.099 0. 0.099
2375 0.099 0. 0.099
2376 0.099 0. 0.099
2377 0.099 0. 0.099
2378 0.099 0. 0.099
2379 0.099 0. 0.099
2380 0.099 0. 0.099
2381 0.099 0. 0.099
2382 0.099 0. 0.099
2383 0.099 0. 0.099
2384 0.1 0. 0.1
2385 0.099 0. 0.099
2386 0.1 0. 0.1
2387 0.099 0. 0.099
2388 0.1 0. 0.099
2389 0.1 0. 0.1
2390 0.099 0. 0.099
2391 0.1 0. 0.099
2392 0.1 0. 0.1
2393 0.1 0. 0.1
2394 0.1 0. 0.1
2395 0.1 0. 0.1
2396 0.1 0. 0.1
2397 0.1 0. 0.1
2398 0.101 0. 0.101
2399 0.1 0. 0.1
2400 0.1 0. 0.1
2401 0.101 0. 0.101
2402 0.101 0. 0.101
2403 0.1 0. 0.1
2404 0.101 0. 0.101
2405 0.101 0. 0.101
2406 0.1 0. 0.1
2407 0.101 0. 0.101
2408 0.1 0. 0.1
2409 0.101 0. 0.1
2410 0.101 0. 0.101
2411 0.1 0. 0.1
2412 0.1 0. 0.1
2413 0.101 0. 0.1
2414 0.1 0. 0.1
2415 0.1 0. 0.1
2416 0.1 0. 0.1
2417 0.101 0. 0.101
2418 0.102 0. 0.102
2419 0.1 0. 0.1
2420 0.101 0. 0.101
2421 0.101 0. 0.1
2422 0.101 0. 0.101
2423 0.101 0. 0.101
2424 0.101 0. 0.101
2425 0.101 0. 0.1
2426 0.101 0. 0.101
2427 0.101 0. 0.101
2428 0.101 0. 0.101
2429 0.101 0. 0.101
2430 0.101 0. 0.101
2431 0.101 0. 0.101
2432 0.101 0. 0.101
2433 0.101 0. 0.101
2434 0.101 0. 0.101
2435 0.101 0. 0.101
2436 0.101 0. 0.101
2437 0.103 0. 0.103
2438 0.101 0. 0.101
2439 0.102 0. 0.102
2440 0.101 0. 0.101
2441 0.101 0. 0.101
2442 0.103 0. 0.103
2443 0.102 0. 0.101
2444 0.102 0. 0.101
2445 0.101 0. 0.101
2446 0.102 0. 0.102
2447 0.102 0. 0.101
2448 0.102 0. 0.101
2449 0.101 0. 0.101
2450 0.102 0. 0.102
2451 0.102 0. 0.102
2452 0.102 0. 0.102
2453 0.102 0. 0.102
2454 0.101 0. 0.101
2455 0.102 0. 0.102
2456 0.102 0. 0.102
2457 0.102 0. 0.102
2458 0.102 0. 0.102
2459 0.103 0. 0.103
2460 0.103 0. 0.103
2461 0.102 0. 0.102
2462 0.102 0. 0.102
2463 0.102 0. 0.102
2464 0.103 0. 0.103
2465 0.103 0. 0.102
2466 0.102 0. 0.102
2467 0.102 0. 0.102
2468 0.103 0. 0.103
2469 0.102 0. 0.102
2470 0.102 0. 0.102
2471 0.102 0. 0.102
2472 0.102 0. 0.102
2473 0.102 0. 0.102
2474 0.103 0. 0.103
2475 0.103 0. 0.103
2476 0.102 0. 0.102
2477 0.103 0. 0.102
2478 0.102 0. 0.102
2479 0.103 0. 0.102
2480 0.103 0. 0.102
2481 0.104 0. 0.104
2482 0.105 0. 0.104
2483 0.103 0. 0.103
2484 0.103 0. 0.103
2485 0.103 0. 0.103
2486 0.104 0. 0.104
2487 0.103 0. 0.103
2488 0.103 0. 0.103
2489 0.103 0. 0.103
2490 0.103 0. 0.103
2491 0.103 0. 0.103
2492 0.104 0. 0.104
2493 0.103 0. 0.103
2494 0.103 0. 0.103
2495 0.104 0. 0.104
2496 0.104 0. 0.104
2497 0.103 0. 0.103
2498 0.103 0. 0.103
2499 0.105 0. 0.105
2500 0.104 0. 0.104
2501 0.104 0. 0.104
2502 0.104 0. 0.103
2503 0.104 0. 0.104
2504 0.104 0. 0.104
2505 0.104 0. 0.103
2506 0.104 0. 0.103
2507 0.104 0. 0.104
2508 0.105 0. 0.105
2509 0.104 0. 0.104
2510 0.104 0. 0.104
2511 0.104 0. 0.104
2512 0.105 0. 0.105
2513 0.104 0. 0.104
2514 0.104 0. 0.104
2515 0.104 0. 0.104
2516 0.104 0. 0.104
2517 0.104 0. 0.104
2518 0.104 0. 0.104
2519 0.105 0. 0.105
2520 0.105 0. 0.105
2521 0.105 0. 0.105
2522 0.105 0. 0.105
2523 0.105 0. 0.105
2524 0.105 0. 0.105
2525 0.105 0. 0.105
2526 0.105 0. 0.105
2527 0.105 0. 0.105
2528 0.105 0. 0.105
2529 0.105 0. 0.105
2530 0.106 0. 0.106
2531 0.105 0. 0.105
2532 0.105 0. 0.105
2533 0.105 0. 0.105
2534 0.105 0. 0.104
2535 0.105 0. 0.105
2536 0.105 0. 0.105
2537 0.105 0. 0.105
2538 0.105 0. 0.105
2539 0.105 0. 0.105
2540 0.105 0. 0.105
2541 0.105 0. 0.105
2542 0.105 0. 0.105
2543 0.105 0. 0.105
2544 0.106 0. 0.106
2545 0.106 0. 0.106
2546 0.105 0. 0.105
2547 0.105 0. 0.105
2548 0.105 0. 0.105
2549 0.106 0. 0.106
2550 0.107 0.003 0.103
2551 0.105 0. 0.105
2552 0.106 0. 0.106
2553 0.105 0. 0.105
2554 0.105 0. 0.105
2555 0.105 0. 0.105
2556 0.106 0. 0.106
2557 0.106 0. 0.106
2558 0.105 0. 0.105
2559 0.107 0. 0.107
2560 0.106 0. 0.106
2561 0.106 0. 0.106
2562 0.106 0. 0.106
2563 0.106 0. 0.106
2564 0.106 0. 0.106
2565 0.106 0. 0.106
2566 0.107 0. 0.107
2567 0.107 0. 0.106
2568 0.106 0. 0.106
2569 0.106 0. 0.106
2570 0.106 0. 0.106
2571 0.108 0. 0.107
2572 0.106 0. 0.106
2573 0.106 0. 0.106
2574 0.107 0. 0.107
2575 0.106 0. 0.106
2576 0.106 0. 0.106
2577 0.107 0. 0.107
2578 0.107 0. 0.107
2579 0.107 0. 0.107
2580 0.107 0. 0.107
2581 0.107 0. 0.107
2582 0.106 0. 0.106
2583 0.107 0. 0.106
2584 0.107 0. 0.107
2585 0.107 0. 0.107
2586 0.107 0. 0.106
2587 0.107 0. 0.106
2588 0.107 0. 0.107
2589 0.107 0. 0.107
2590 0.107 0. 0.107
2591 0.107 0. 0.107
2592 0.108 0. 0.108
2593 0.108 0. 0.108
2594 0.107 0. 0.107
2595 0.107 0. 0.107
2596 0.107 0. 0.107
2597 0.108 0. 0.108
2598 0.108 0. 0.108
2599 0.107 0. 0.107
2600 0.107 0. 0.107
2601 0.107 0. 0.107
2602 0.108 0. 0.108
2603 0.108 0. 0.108
2604 0.108 0. 0.108
2605 0.107 0. 0.107
2606 0.107 0. 0.107
2607 0.107 0. 0.107
2608 0.107 0. 0.107
2609 0.108 0. 0.108
2610 0.108 0. 0.108
2611 0.108 0. 0.108
2612 0.108 0. 0.108
2613 0.108 0. 0.108
2614 0.108 0. 0.108
2615 0.108 0. 0.108
2616 0.108 0. 0.108
2617 0.109 0. 0.109
2618 0.108 0. 0.108
2619 0.108 0. 0.108
2620 0.109 0. 0.109
2621 0.109 0. 0.109
2622 0.109 0. 0.109
2623 0.108 0. 0.108
2624 0.108 0. 0.108
2625 0.108 0. 0.108
2626 0.11 0.003 0.106
2627 0.109 0. 0.109
2628 0.109 0. 0.109
2629 0.109 0. 0.108
2630 0.109 0. 0.109
2631 0.108 0. 0.108
2632 0.108 0. 0.108
2633 0.109 0. 0.109
2634 0.109 0. 0.109
2635 0.109 0. 0.109
2636 0.108 0. 0.108
2637 0.109 0. 0.109
2638 0.109 0. 0.109
2639 0.11 0. 0.11
2640 0.109 0. 0.109
2641 0.109 0. 0.109
2642 0.109 0. 0.109
2643 0.109 0. 0.109
2644 0.11 0. 0.11
2645 0.109 0. 0.109
2646 0.109 0. 0.109
2647 0.109 0. 0.109
2648 0.11 0. 0.109
2649 0.109 0. 0.109
2650 0.109 0. 0.109
2651 0.11 0. 0.109
2652 0.11 0. 0.11
2653 0.109 0. 0.109
2654 0.11 0. 0.11
2655 0.11 0. 0.109
2656 0.11 0. 0.109
2657 0.109 0. 0.109
2658 0.109 0. 0.109
2659 0.109 0. 0.109
2660 0.11 0. 0.11
2661 0.11 0. 0.11
2662 0.11 0. 0.11
2663 0.11 0. 0.11
2664 0.11 0. 0.11
2665 0.11 0. 0.11
2666 0.11 0. 0.11
2667 0.111 0. 0.111
2668 0.11 0. 0.11
2669 0.11 0. 0.11
2670 0.11 0. 0.11
2671 0.11 0. 0.11
2672 0.11 0. 0.11
2673 0.11 0. 0.11
2674 0.11 0. 0.11
2675 0.11 0. 0.11
2676 0.111 0. 0.111
2677 0.111 0. 0.111
2678 0.111 0. 0.111
2679 0.111 0. 0.111
2680 0.111 0. 0.111
2681 0.111 0. 0.111
2682 0.112 0. 0.112
2683 0.11 0.003 0.106
2684 0.11 0. 0.11
2685 0.111 0. 0.111
2686 0.11 0. 0.11
2687 0.11 0. 0.11
2688 0.112 0. 0.112
2689 0.112 0. 0.111
2690 0.111 0. 0.111
2691 0.111 0. 0.111
2692 0.112 0. 0.112
2693 0.112 0. 0.112
2694 0.112 0. 0.112
2695 0.112 0. 0.112
2696 0.111 0. 0.111
2697 0.112 0. 0.111
2698 0.111 0. 0.111
2699 0.112 0. 0.112
2700 0.112 0. 0.111
2701 0.112 0. 0.111
2702 0.112 0. 0.112
2703 0.113 0. 0.113
2704 0.112 0. 0.111
2705 0.112 0. 0.111
2706 0.112 0. 0.112
2707 0.113 0. 0.112
2708 0.112 0. 0.112
2709 0.112 0. 0.112
2710 0.112 0. 0.112
2711 0.112 0. 0.112
2712 0.113 0. 0.112
2713 0.113 0. 0.112
2714 0.112 0. 0.112
2715 0.112 0. 0.112
2716 0.112 0.004 0.108
2717 0.112 0. 0.111
2718 0.111 0. 0.111
2719 0.112 0. 0.112
2720 0.113 0. 0.113
2721 0.113 0. 0.113
2722 0.112 0. 0.112
2723 0.113 0. 0.113
2724 0.112 0. 0.112
2725 0.112 0. 0.112
2726 0.112 0. 0.112
2727 0.112 0. 0.112
2728 0.112 0. 0.112
2729 0.112 0. 0.112
2730 0.113 0. 0.112
2731 0.112 0. 0.112
2732 0.112 0. 0.112
2733 0.112 0. 0.112
2734 0.114 0. 0.114
2735 0.112 0. 0.112
2736 0.112 0. 0.112
2737 0.113 0. 0.112
2738 0.114 0. 0.114
2739 0.112 0. 0.112
2740 0.113 0. 0.113
2741 0.113 0. 0.113
2742 0.113 0. 0.113
2743 0.113 0. 0.113
2744 0.113 0. 0.113
2745 0.113 0. 0.113
2746 0.113 0. 0.113
2747 0.113 0. 0.113
2748 0.113 0. 0.113
2749 0.113 0. 0.113
2750 0.113 0. 0.113
2751 0.113 0. 0.113
2752 0.113 0. 0.113
2753 0.113 0. 0.113
2754 0.113 0. 0.113
2755 0.114 0. 0.113
2756 0.114 0. 0.114
2757 0.113 0. 0.113
2758 0.113 0. 0.113
2759 0.113 0. 0.113
2760 0.113 0. 0.113
2761 0.115 0. 0.115
2762 0.114 0. 0.114
2763 0.114 0. 0.113
2764 0.113 0. 0.113
2765 0.114 0. 0.113
2766 0.114 0. 0.114
2767 0.114 0. 0.114
2768 0.114 0. 0.114
2769 0.114 0. 0.114
2770 0.114 0. 0.114
2771 0.114 0. 0.114
2772 0.114 0. 0.114
2773 0.114 0. 0.114
2774 0.114 0. 0.114
2775 0.114 0. 0.114
2776 0.114 0. 0.114
2777 0.114 0. 0.114
2778 0.114 0. 0.114
2779 0.114 0. 0.114
2780 0.115 0. 0.115
2781 0.114 0. 0.114
2782 0.115 0. 0.115
2783 0.115 0. 0.115
2784 0.114 0. 0.114
2785 0.114 0. 0.114
2786 0.114 0. 0.114
2787 0.115 0. 0.115
2788 0.114 0.003 0.11
2789 0.115 0. 0.115
2790 0.115 0. 0.115
2791 0.115 0. 0.114
2792 0.114 0. 0.114
2793 0.115 0. 0.114
2794 0.115 0. 0.115
2795 0.114 0. 0.114
2796 0.115 0. 0.115
2797 0.115 0. 0.115
2798 0.115 0. 0.114
2799 0.115 0. 0.115
2800 0.115 0. 0.115
2801 0.115 0. 0.115
2802 0.115 0. 0.115
2803 0.115 0.003 0.111
2804 0.115 0. 0.115
2805 0.116 0. 0.115
2806 0.115 0. 0.115
2807 0.115 0. 0.115
2808 0.116 0. 0.116
2809 0.115 0. 0.115
2810 0.116 0. 0.116
2811 0.116 0. 0.116
2812 0.115 0. 0.115
2813 0.115 0. 0.115
2814 0.115 0. 0.115
2815 0.116 0. 0.116
2816 0.115 0. 0.115
2817 0.116 0. 0.116
2818 0.115 0. 0.115
2819 0.116 0. 0.116
2820 0.116 0. 0.116
2821 0.116 0. 0.116
2822 0.116 0. 0.116
2823 0.116 0. 0.116
2824 0.116 0. 0.116
2825 0.116 0. 0.116
2826 0.116 0. 0.116
2827 0.116 0. 0.116
2828 0.116 0. 0.116
2829 0.116 0. 0.116
2830 0.116 0. 0.116
2831 0.117 0. 0.116
2832 0.116 0. 0.116
2833 0.116 0. 0.116
2834 0.116 0. 0.116
2835 0.117 0. 0.117
2836 0.116 0. 0.116
2837 0.117 0. 0.117
2838 0.116 0. 0.116
2839 0.117 0. 0.117
2840 0.116 0. 0.116
2841 0.118 0. 0.117
2842 0.117 0. 0.117
2843 0.116 0. 0.116
2844 0.116 0. 0.116
2845 0.116 0. 0.116
2846 0.116 0. 0.116
2847 0.116 0. 0.116
2848 0.117 0. 0.117
2849 0.118 0. 0.118
2850 0.117 0. 0.117
2851 0.118 0. 0.118
2852 0.117 0. 0.117
2853 0.117 0. 0.117
2854 0.117 0. 0.117
2855 0.117 0. 0.117
2856 0.117 0. 0.116
2857 0.117 0. 0.117
2858 0.117 0. 0.117
2859 0.118 0. 0.118
2860 0.117 0. 0.117
2861 0.117 0. 0.117
2862 0.118 0. 0.118
2863 0.118 0. 0.118
2864 0.117 0. 0.117
2865 0.118 0. 0.118
2866 0.117 0. 0.117
2867 0.117 0. 0.117
2868 0.118 0. 0.118
2869 0.119 0. 0.118
2870 0.117 0. 0.117
2871 0.119 0. 0.119
2872 0.119 0. 0.119
2873 0.118 0. 0.117
2874 0.118 0. 0.118
2875 0.117 0. 0.117
2876 0.118 0. 0.118
2877 0.118 0. 0.117
2878 0.118 0. 0.118
2879 0.117 0. 0.117
2880 0.118 0. 0.118
2881 0.118 0. 0.118
2882 0.118 0. 0.118
2883 0.119 0. 0.119
2884 0.118 0. 0.118
2885 0.118 0. 0.118
2886 0.118 0. 0.118
2887 0.118 0. 0.118
2888 0.119 0. 0.118
2889 0.118 0. 0.118
2890 0.118 0. 0.118
2891 0.119 0. 0.119
2892 0.118 0. 0.118
2893 0.118 0. 0.118
2894 0.119 0. 0.118
2895 0.118 0. 0.118
2896 0.119 0. 0.119
2897 0.118 0. 0.118
2898 0.119 0. 0.119
2899 0.12 0. 0.12
2900 0.119 0. 0.119
2901 0.119 0. 0.118
2902 0.118 0. 0.118
2903 0.119 0. 0.119
2904 0.119 0. 0.119
2905 0.12 0. 0.12
2906 0.12 0. 0.119
2907 0.119 0. 0.119
2908 0.119 0. 0.119
2909 0.119 0. 0.119
2910 0.119 0. 0.119
2911 0.119 0. 0.119
2912 0.119 0. 0.119
2913 0.119 0. 0.119
2914 0.119 0. 0.119
2915 0.119 0. 0.119
2916 0.119 0. 0.119
2917 0.12 0. 0.12
2918 0.12 0. 0.12
2919 0.119 0. 0.119
2920 0.119 0. 0.119
2921 0.121 0. 0.121
2922 0.12 0. 0.119
2923 0.119 0. 0.119
2924 0.119 0. 0.119
2925 0.12 0. 0.12
2926 0.119 0. 0.119
2927 0.119 0. 0.119
2928 0.12 0. 0.119
2929 0.121 0. 0.121
2930 0.12 0. 0.12
2931 0.12 0. 0.12
2932 0.12 0. 0.12
2933 0.12 0. 0.12
2934 0.12 0. 0.12
2935 0.12 0. 0.12
2936 0.12 0. 0.12
2937 0.12 0. 0.12
2938 0.12 0. 0.12
2939 0.121 0. 0.121
2940 0.12 0. 0.12
2941 0.12 0. 0.12
2942 0.12 0. 0.12
2943 0.12 0. 0.12
2944 0.12 0. 0.12
2945 0.121 0. 0.121
2946 0.12 0. 0.12
2947 0.12 0. 0.12
2948 0.12 0. 0.12
2949 0.12 0. 0.12
2950 0.121 0. 0.121
2951 0.12 0. 0.12
2952 0.12 0. 0.12
2953 0.121 0. 0.121
2954 0.121 0. 0.12
2955 0.121 0. 0.121
2956 0.121 0. 0.12
2957 0.121 0. 0.12
2958 0.121 0. 0.121
2959 0.121 0. 0.121
2960 0.121 0. 0.12
2961 0.12 0. 0.12
2962 0.122 0. 0.122
2963 0.121 0. 0.12
2964 0.121 0. 0.121
2965 0.122 0. 0.121
2966 0.12 0. 0.12
2967 0.121 0.004 0.117
2968 0.121 0.008 0.113
2969 0.121 0.008 0.113
2970 0.121 0.007 0.113
2971 0.121 0.008 0.113
2972 0.121 0.007 0.113
2973 0.121 0.008 0.112
2974 0.121 0.004 0.117
2975 0.121 0.004 0.117
2976 0.122 0. 0.121
2977 0.122 0. 0.122
2978 0.122 0. 0.121
2979 0.122 0. 0.121
2980 0.122 0. 0.122
2981 0.121 0. 0.121
2982 0.122 0. 0.121
2983 0.121 0. 0.121
2984 0.121 0. 0.121
2985 0.121 0. 0.121
2986 0.122 0. 0.122
2987 0.122 0. 0.121
2988 0.121 0. 0.121
2989 0.122 0. 0.122
2990 0.122 0. 0.122
2991 0.122 0. 0.121
2992 0.122 0. 0.122
2993 0.122 0. 0.122
2994 0.122 0. 0.122
2995 0.122 0. 0.122
2996 0.123 0. 0.123
2997 0.122 0. 0.122
2998 0.123 0. 0.123
2999 0.122 0. 0.122
3000 0.123 0. 0.123
3001 0.123 0. 0.123
3002 0.123 0. 0.123
3003 0.123 0. 0.123
3004 0.123 0. 0.123
3005 0.124 0. 0.123
3006 0.123 0. 0.123
3007 0.123 0. 0.123
3008 0.123 0. 0.123
3009 0.123 0. 0.123
3010 0.125 0. 0.124
3011 0.124 0. 0.124
3012 0.124 0. 0.124
3013 0.123 0. 0.123
3014 0.124 0. 0.123
3015 0.123 0. 0.123
3016 0.123 0. 0.123
3017 0.124 0. 0.124
3018 0.124 0. 0.124
3019 0.124 0. 0.123
3020 0.124 0. 0.123
3021 0.124 0. 0.123
3022 0.124 0. 0.123
3023 0.124 0. 0.123
3024 0.124 0. 0.124
3025 0.124 0. 0.124
3026 0.124 0. 0.123
3027 0.123 0. 0.123
3028 0.123 0. 0.123
3029 0.123 0. 0.123
3030 0.123 0. 0.123
3031 0.123 0. 0.123
3032 0.123 0. 0.123
3033 0.123 0. 0.123
3034 0.123 0. 0.123
3035 0.124 0. 0.124
3036 0.124 0. 0.124
3037 0.124 0. 0.124
3038 0.124 0. 0.124
3039 0.124 0. 0.124
3040 0.124 0. 0.124
3041 0.124 0. 0.124
3042 0.123 0. 0.123
3043 0.124 0. 0.124
3044 0.124 0. 0.124
3045 0.124 0. 0.123
3046 0.123 0. 0.123
3047 0.123 0. 0.123
3048 0.124 0. 0.124
3049 0.124 0. 0.124
3050 0.124 0. 0.124
3051 0.124 0. 0.124
3052 0.124 0. 0.124
3053 0.124 0. 0.124
3054 0.125 0. 0.125
3055 0.124 0. 0.123
3056 0.124 0. 0.124
3057 0.124 0.003 0.12
3058 0.125 0. 0.125
3059 0.124 0. 0.124
3060 0.124 0. 0.124
3061 0.124 0. 0.124
3062 0.126 0. 0.125
3063 0.124 0. 0.124
3064 0.124 0. 0.124
3065 0.124 0. 0.124
3066 0.124 0. 0.124
3067 0.124 0. 0.124
3068 0.124 0. 0.124
3069 0.125 0. 0.125
3070 0.124 0. 0.124
3071 0.125 0. 0.125
3072 0.124 0. 0.124
3073 0.125 0. 0.125
3074 0.125 0. 0.125
3075 0.125 0. 0.125
3076 0.125 0. 0.125
3077 0.125 0. 0.125
3078 0.125 0. 0.125
3079 0.125 0. 0.125
3080 0.126 0. 0.126
3081 0.125 0. 0.125
3082 0.125 0. 0.125
3083 0.125 0. 0.125
3084 0.125 0. 0.125
3085 0.126 0. 0.126
3086 0.125 0. 0.125
3087 0.125 0. 0.125
3088 0.125 0. 0.125
3089 0.125 0. 0.125
3090 0.126 0. 0.126
3091 0.126 0. 0.126
3092 0.125 0. 0.125
3093 0.125 0. 0.125
3094 0.126 0. 0.126
3095 0.126 0. 0.126
3096 0.125 0. 0.125
3097 0.125 0. 0.125
3098 0.126 0. 0.126
3099 0.125 0. 0.125
3100 0.126 0. 0.126
3101 0.125 0. 0.125
3102 0.126 0. 0.126
3103 0.126 0. 0.125
3104 0.127 0. 0.127
3105 0.127 0. 0.127
3106 0.126 0. 0.126
3107 0.126 0. 0.126
3108 0.127 0. 0.126
3109 0.126 0. 0.126
3110 0.126 0. 0.126
3111 0.126 0. 0.126
3112 0.126 0. 0.126
3113 0.126 0. 0.126
3114 0.126 0. 0.126
3115 0.126 0. 0.126
3116 0.127 0. 0.126
3117 0.127 0. 0.127
3118 0.126 0. 0.126
3119 0.126 0. 0.126
3120 0.126 0. 0.126
3121 0.127 0. 0.126
3122 0.127 0. 0.127
3123 0.126 0. 0.126
3124 0.127 0. 0.127
3125 0.126 0. 0.126
3126 0.127 0. 0.127
3127 0.127 0. 0.126
3128 0.127 0. 0.127
3129 0.127 0. 0.127
3130 0.128 0. 0.127
3131 0.127 0. 0.127
3132 0.127 0. 0.127
3133 0.127 0. 0.127
3134 0.127 0.004 0.123
3135 0.127 0. 0.127
3136 0.127 0. 0.127
3137 0.127 0. 0.127
3138 0.128 0. 0.128
3139 0.127 0. 0.127
3140 0.128 0. 0.128
3141 0.127 0. 0.127
3142 0.128 0. 0.127
3143 0.128 0. 0.127
3144 0.128 0. 0.128
3145 0.128 0. 0.128
3146 0.129 0. 0.129
3147 0.128 0. 0.128
3148 0.128 0. 0.128
3149 0.128 0. 0.128
3150 0.128 0. 0.128
3151 0.129 0. 0.129
3152 0.129 0. 0.129
3153 0.128 0. 0.128
3154 0.128 0. 0.128
3155 0.128 0. 0.128
3156 0.128 0. 0.128
3157 0.129 0. 0.129
3158 0.129 0. 0.129
3159 0.128 0. 0.128
3160 0.128 0. 0.128
3161 0.128 0. 0.128
3162 0.128 0. 0.128
3163 0.128 0. 0.128
3164 0.129 0. 0.128
3165 0.129 0. 0.129
3166 0.129 0. 0.128
3167 0.128 0. 0.128
3168 0.128 0. 0.128
3169 0.129 0. 0.129
3170 0.129 0. 0.128
3171 0.129 0. 0.129
3172 0.128 0. 0.128
3173 0.128 0. 0.128
3174 0.129 0. 0.129
3175 0.129 0. 0.129
3176 0.129 0. 0.129
3177 0.13 0. 0.13
3178 0.129 0. 0.129
3179 0.129 0. 0.128
3180 0.129 0. 0.128
3181 0.13 0. 0.13
3182 0.129 0. 0.129
3183 0.129 0. 0.128
3184 0.129 0. 0.129
3185 0.129 0. 0.129
3186 0.129 0. 0.129
3187 0.129 0. 0.129
3188 0.129 0. 0.129
3189 0.129 0. 0.129
3190 0.129 0. 0.129
3191 0.13 0. 0.13
3192 0.13 0. 0.129
3193 0.13 0. 0.13
3194 0.129 0. 0.129
3195 0.13 0. 0.13
3196 0.13 0. 0.13
3197 0.129 0. 0.129
3198 0.13 0. 0.129
3199 0.129 0. 0.129
3200 0.129 0. 0.129
3201 0.13 0. 0.13
3202 0.13 0. 0.13
3203 0.13 0. 0.13
3204 0.13 0. 0.129
3205 0.13 0. 0.13
3206 0.13 0. 0.13
3207 0.13 0. 0.13
3208 0.13 0. 0.129
3209 0.13 0. 0.13
3210 0.13 0. 0.13
3211 0.13 0. 0.13
3212 0.131 0. 0.131
3213 0.13 0. 0.13
3214 0.131 0. 0.13
3215 0.13 0. 0.13
3216 0.13 0. 0.13
3217 0.13 0. 0.13
3218 0.13 0. 0.13
3219 0.131 0. 0.131
3220 0.131 0. 0.131
3221 0.131 0. 0.131
3222 0.13 0. 0.13
3223 0.13 0. 0.13
3224 0.132 0. 0.132
3225 0.131 0. 0.131
3226 0.13 0. 0.13
3227 0.13 0. 0.13
3228 0.13 0. 0.13
3229 0.131 0. 0.131
3230 0.131 0. 0.13
3231 0.13 0. 0.13
3232 0.13 0. 0.13
3233 0.131 0. 0.131
3234 0.131 0.003 0.127
3235 0.131 0. 0.131
3236 0.131 0. 0.131
3237 0.131 0. 0.131
3238 0.132 0. 0.131
3239 0.131 0. 0.13
3240 0.131 0. 0.131
3241 0.131 0. 0.13
3242 0.131 0. 0.131
3243 0.131 0.003 0.127
3244 0.131 0. 0.131
3245 0.132 0. 0.132
3246 0.131 0. 0.131
3247 0.131 0. 0.131
3248 0.131 0. 0.131
3249 0.132 0. 0.131
3250 0.131 0. 0.131
3251 0.131 0. 0.131
3252 0.132 0. 0.132
3253 0.131 0. 0.131
3254 0.132 0. 0.132
3255 0.132 0. 0.132
3256 0.132 0. 0.132
3257 0.131 0. 0.131
3258 0.131 0. 0.131
3259 0.132 0. 0.132
3260 0.132 0. 0.132
3261 0.132 0. 0.132
3262 0.132 0. 0.132
3263 0.132 0. 0.132
3264 0.132 0. 0.132
3265 0.132 0. 0.132
3266 0.132 0. 0.132
3267 0.133 0. 0.133
3268 0.132 0. 0.132
3269 0.132 0. 0.132
3270 0.133 0. 0.132
3271 0.132 0. 0.132
3272 0.132 0. 0.132
3273 0.134 0. 0.133
3274 0.133 0. 0.133
3275 0.133 0. 0.133
3276 0.133 0. 0.132
3277 0.133 0. 0.133
3278 0.133 0. 0.133
3279 0.133 0. 0.133
3280 0.133 0. 0.133
3281 0.133 0. 0.133
3282 0.133 0. 0.133
3283 0.133 0. 0.133
3284 0.133 0. 0.133
3285 0.134 0. 0.134
3286 0.133 0. 0.133
3287 0.134 0. 0.133
3288 0.134 0. 0.133
3289 0.133 0. 0.133
3290 0.134 0. 0.133
3291 0.134 0. 0.133
3292 0.134 0. 0.134
3293 0.133 0. 0.133
3294 0.133 0. 0.133
3295 0.134 0. 0.133
3296 0.134 0. 0.134
3297 0.133 0. 0.133
3298 0.133 0. 0.133
3299 0.133 0.004 0.129
3300 0.134 0. 0.134
3301 0.133 0. 0.133
3302 0.133 0. 0.133
3303 0.134 0. 0.134
3304 0.133 0. 0.133
3305 0.134 0. 0.134
3306 0.134 0. 0.133
3307 0.133 0. 0.133
3308 0.133 0. 0.133
3309 0.134 0. 0.134
3310 0.133 0. 0.133
3311 0.133 0. 0.133
3312 0.134 0. 0.134
3313 0.134 0. 0.134
3314 0.135 0. 0.134
3315 0.135 0. 0.135
3316 0.134 0. 0.134
3317 0.135 0. 0.135
3318 0.134 0. 0.134
3319 0.134 0. 0.133
3320 0.135 0. 0.135
3321 0.134 0. 0.134
3322 0.135 0. 0.135
3323 0.134 0. 0.134
3324 0.134 0. 0.134
3325 0.134 0. 0.134
3326 0.134 0. 0.134
3327 0.135 0. 0.134
3328 0.134 0. 0.134
3329 0.134 0. 0.134
3330 0.134 0. 0.134
3331 0.135 0. 0.135
3332 0.134 0. 0.134
3333 0.134 0. 0.134
3334 0.136 0. 0.136
3335 0.135 0. 0.135
3336 0.134 0. 0.134
3337 0.135 0. 0.135
3338 0.135 0. 0.135
3339 0.135 0. 0.135
3340 0.135 0. 0.135
3341 0.135 0. 0.135
3342 0.135 0. 0.135
3343 0.135 0. 0.135
3344 0.135 0. 0.135
3345 0.135 0. 0.135
3346 0.136 0. 0.136
3347 0.135 0. 0.135
3348 0.135 0. 0.135
3349 0.136 0. 0.135
3350 0.135 0. 0.135
3351 0.136 0. 0.136
3352 0.135 0. 0.135
3353 0.135 0. 0.135
3354 0.137 0. 0.137
3355 0.135 0. 0.135
3356 0.135 0. 0.135
3357 0.135 0. 0.135
3358 0.135 0. 0.135
3359 0.135 0. 0.135
3360 0.136 0. 0.136
3361 0.136 0. 0.136
3362 0.136 0. 0.136
3363 0.136 0. 0.135
3364 0.135 0. 0.135
3365 0.136 0. 0.136
3366 0.136 0. 0.136
3367 0.136 0. 0.135
3368 0.137 0. 0.136
3369 0.135 0. 0.135
3370 0.136 0. 0.136
3371 0.136 0.004 0.132
3372 0.136 0. 0.136
3373 0.137 0. 0.137
3374 0.136 0. 0.136
3375 0.137 0. 0.137
3376 0.136 0. 0.136
3377 0.136 0. 0.136
3378 0.136 0. 0.136
3379 0.137 0. 0.137
3380 0.137 0. 0.136
3381 0.136 0. 0.136
3382 0.137 0. 0.137
3383 0.136 0. 0.136
3384 0.137 0. 0.137
3385 0.137 0. 0.137
3386 0.136 0. 0.136
3387 0.136 0. 0.136
3388 0.137 0. 0.136
3389 0.137 0. 0.136
3390 0.137 0. 0.137
3391 0.137 0. 0.136
3392 0.136 0. 0.136
3393 0.137 0. 0.137
3394 0.137 0. 0.137
3395 0.138 0. 0.138
3396 0.137 0. 0.137
3397 0.137 0. 0.137
3398 0.137 0. 0.137
3399 0.137 0. 0.137
3400 0.138 0. 0.138
3401 0.137 0. 0.137
3402 0.137 0. 0.137
3403 0.137 0. 0.137
3404 0.137 0. 0.137
3405 0.137 0. 0.137
3406 0.137 0. 0.137
3407 0.138 0. 0.138
3408 0.138 0. 0.137
3409 0.137 0. 0.137
3410 0.137 0. 0.137
3411 0.137 0. 0.137
3412 0.137 0. 0.137
3413 0.138 0. 0.138
3414 0.137 0. 0.137
3415 0.138 0. 0.138
3416 0.138 0. 0.138
3417 0.138 0. 0.138
3418 0.139 0. 0.139
3419 0.137 0. 0.137
3420 0.138 0. 0.138
3421 0.138 0. 0.138
3422 0.138 0. 0.138
3423 0.138 0. 0.138
3424 0.138 0. 0.138
3425 0.138 0. 0.138
3426 0.138 0. 0.138
3427 0.137 0. 0.137
3428 0.137 0. 0.137
3429 0.138 0. 0.138
3430 0.137 0. 0.137
3431 0.138 0. 0.138
3432 0.139 0. 0.139
3433 0.138 0. 0.138
3434 0.138 0. 0.138
3435 0.138 0. 0.138
3436 0.138 0. 0.138
3437 0.138 0. 0.138
3438 0.138 0. 0.138
3439 0.138 0. 0.138
3440 0.139 0. 0.139
3441 0.138 0. 0.138
3442 0.138 0. 0.138
3443 0.138 0. 0.138
3444 0.139 0. 0.139
3445 0.138 0. 0.138
3446 0.138 0. 0.138
3447 0.138 0. 0.138
3448 0.139 0. 0.138
3449 0.138 0. 0.138
3450 0.139 0. 0.139
3451 0.139 0. 0.138
3452 0.139 0. 0.139
3453 0.139 0. 0.138
3454 0.139 0. 0.139
3455 0.139 0. 0.139
3456 0.139 0. 0.139
3457 0.139 0. 0.138
3458 0.14 0. 0.14
3459 0.139 0. 0.139
3460 0.14 0. 0.14
3461 0.14 0. 0.14
3462 0.14 0. 0.14
3463 0.139 0. 0.139
3464 0.138 0. 0.138
3465 0.14 0. 0.139
3466 0.14 0. 0.14
3467 0.139 0. 0.139
3468 0.139 0. 0.139
3469 0.139 0. 0.139
3470 0.139 0. 0.139
3471 0.141 0. 0.141
3472 0.14 0. 0.14
3473 0.139 0. 0.139
3474 0.141 0. 0.141
3475 0.139 0. 0.139
3476 0.14 0. 0.14
3477 0.139 0. 0.139
3478 0.139 0. 0.139
3479 0.14 0. 0.14
3480 0.14 0. 0.14
3481 0.14 0. 0.14
3482 0.14 0. 0.14
3483 0.141 0. 0.141
3484 0.14 0. 0.14
3485 0.14 0. 0.14
3486 0.14 0. 0.14
3487 0.14 0. 0.14
3488 0.14 0. 0.14
3489 0.14 0. 0.14
3490 0.141 0. 0.141
3491 0.14 0. 0.14
3492 0.14 0. 0.14
3493 0.142 0. 0.141
3494 0.14 0. 0.14
3495 0.14 0. 0.14
3496 0.141 0. 0.141
3497 0.14 0. 0.14
3498 0.141 0.003 0.136
3499 0.14 0. 0.14
3500 0.141 0. 0.141
3501 0.14 0. 0.14
3502 0.14 0. 0.14
3503 0.141 0. 0.14
3504 0.141 0. 0.141
3505 0.141 0. 0.14
3506 0.141 0. 0.141
3507 0.141 0. 0.14
3508 0.141 0. 0.141
3509 0.141 0. 0.141
3510 0.141 0. 0.141
3511 0.141 0. 0.141
3512 0.141 0. 0.141
3513 0.141 0. 0.141
3514 0.141 0. 0.141
3515 0.142 0. 0.142
3516 0.142 0. 0.142
3517 0.142 0. 0.141
3518 0.142 0. 0.141
3519 0.142 0. 0.141
3520 0.141 0. 0.141
3521 0.142 0. 0.141
3522 0.144 0. 0.144
3523 0.143 0. 0.142
3524 0.142 0. 0.142
3525 0.143 0. 0.143
3526 0.143 0. 0.142
3527 0.142 0. 0.142
3528 0.143 0. 0.142
3529 0.142 0. 0.142
3530 0.142 0. 0.142
3531 0.142 0. 0.142
3532 0.142 0. 0.142
3533 0.142 0. 0.142
3534 0.143 0. 0.143
3535 0.142 0. 0.141
3536 0.142 0. 0.142
3537 0.142 0. 0.142
3538 0.142 0. 0.142
3539 0.142 0. 0.142
3540 0.142 0. 0.142
3541 0.142 0. 0.142
3542 0.142 0. 0.142
3543 0.142 0. 0.142
3544 0.142 0. 0.142
3545 0.142 0. 0.142
3546 0.142 0. 0.142
3547 0.142 0. 0.142
3548 0.143 0. 0.143
3549 0.142 0. 0.142
3550 0.142 0. 0.142
3551 0.142 0. 0.142
3552 0.143 0. 0.143
3553 0.143 0. 0.143
3554 0.142 0. 0.142
3555 0.143 0. 0.143
3556 0.142 0. 0.142
3557 0.142 0. 0.142
3558 0.142 0. 0.142
3559 0.143 0. 0.142
3560 0.143 0. 0.143
3561 0.143 0. 0.143
3562 0.143 0. 0.143
3563 0.143 0. 0.143
3564 0.143 0. 0.142
3565 0.143 0. 0.143
3566 0.144 0. 0.144
3567 0.142 0. 0.142
3568 0.143 0. 0.143
3569 0.143 0. 0.143
3570 0.143 0. 0.143
3571 0.144 0. 0.144
3572 0.143 0. 0.143
3573 0.143 0. 0.143
3574 0.143 0. 0.143
3575 0.144 0. 0.144
3576 0.143 0. 0.143
3577 0.144 0. 0.144
3578 0.144 0. 0.144
3579 0.143 0. 0.143
3580 0.144 0. 0.144
3581 0.143 0. 0.143
3582 0.144 0. 0.143
3583 0.145 0. 0.145
3584 0.144 0. 0.144
3585 0.144 0. 0.144
3586 0.144 0. 0.144
3587 0.144 0. 0.144
3588 0.144 0. 0.144
3589 0.144 0. 0.144
3590 0.144 0. 0.144
3591 0.144 0. 0.144
3592 0.144 0. 0.143
3593 0.144 0. 0.144
3594 0.144 0. 0.144
3595 0.145 0. 0.145
3596 0.144 0. 0.144
3597 0.145 0. 0.145
3598 0.144 0. 0.144
3599 0.144 0. 0.144
3600 0.144 0. 0.144
3601 0.144 0. 0.144
3602 0.145 0. 0.144
3603 0.145 0. 0.145
3604 0.145 0. 0.145
3605 0.144 0. 0.144
3606 0.144 0. 0.144
3607 0.144 0. 0.144
3608 0.144 0. 0.144
3609 0.144 0. 0.144
3610 0.144 0. 0.144
3611 0.145 0. 0.145
3612 0.146 0. 0.146
3613 0.144 0. 0.144
3614 0.145 0. 0.144
3615 0.144 0. 0.144
3616 0.145 0. 0.145
3617 0.145 0. 0.145
3618 0.145 0. 0.145
3619 0.145 0. 0.145
3620 0.145 0. 0.145
3621 0.145 0. 0.145
3622 0.145 0. 0.145
3623 0.146 0. 0.145
3624 0.145 0. 0.145
3625 0.145 0. 0.145
3626 0.146 0. 0.146
3627 0.145 0. 0.145
3628 0.145 0. 0.145
3629 0.146 0. 0.146
3630 0.145 0. 0.145
3631 0.145 0. 0.145
3632 0.145 0. 0.145
3633 0.145 0. 0.145
3634 0.147 0. 0.147
3635 0.147 0. 0.146
3636 0.146 0. 0.146
3637 0.146 0. 0.146
3638 0.146 0. 0.146
3639 0.146 0. 0.145
3640 0.146 0. 0.146
3641 0.146 0. 0.146
3642 0.146 0. 0.146
3643 0.147 0. 0.147
3644 0.147 0. 0.147
3645 0.146 0. 0.146
3646 0.146 0. 0.146
3647 0.146 0. 0.145
3648 0.146 0. 0.145
3649 0.146 0. 0.145
3650 0.146 0. 0.146
3651 0.146 0. 0.146
3652 0.146 0. 0.146
3653 0.146 0. 0.146
3654 0.146 0. 0.146
3655 0.146 0. 0.146
3656 0.148 0. 0.147
3657 0.146 0. 0.146
3658 0.147 0. 0.147
3659 0.147 0. 0.147
3660 0.147 0. 0.146
3661 0.147 0. 0.147
3662 0.147 0. 0.147
3663 0.147 0. 0.147
3664 0.148 0. 0.148
3665 0.147 0. 0.147
3666 0.147 0. 0.147
3667 0.147 0. 0.147
3668 0.148 0. 0.148
3669 0.148 0. 0.148
3670 0.147 0. 0.147
3671 0.147 0. 0.147
3672 0.147 0. 0.147
3673 0.147 0. 0.147
3674 0.148 0. 0.147
3675 0.147 0. 0.147
3676 0.147 0. 0.147
3677 0.147 0. 0.147
3678 0.148 0. 0.147
3679 0.147 0. 0.147
3680 0.147 0. 0.147
3681 0.149 0. 0.149
3682 0.148 0. 0.147
3683 0.148 0. 0.148
3684 0.147 0. 0.147
3685 0.148 0. 0.147
3686 0.148 0. 0.148
3687 0.149 0. 0.149
3688 0.148 0. 0.147
3689 0.148 0. 0.148
3690 0.148 0. 0.148
3691 0.148 0. 0.148
3692 0.148 0. 0.148
3693 0.148 0. 0.148
3694 0.148 0. 0.148
3695 0.147 0. 0.147
3696 0.149 0. 0.149
3697 0.148 0. 0.148
3698 0.149 0. 0.149
3699 0.148 0. 0.148
3700 0.148 0. 0.148
3701 0.149 0. 0.149
3702 0.149 0. 0.149
3703 0.149 0. 0.148
3704 0.15 0. 0.15
3705 0.148 0. 0.148
3706 0.149 0. 0.149
3707 0.148 0. 0.148
3708 0.149 0. 0.149
3709 0.15 0. 0.15
3710 0.149 0. 0.149
3711 0.149 0. 0.149
3712 0.149 0. 0.149
3713 0.149 0. 0.149
3714 0.149 0. 0.149
3715 0.15 0. 0.15
3716 0.15 0. 0.15
3717 0.149 0. 0.149
3718 0.149 0. 0.149
3719 0.151 0. 0.151
3720 0.149 0. 0.149
3721 0.149 0. 0.149
3722 0.149 0. 0.149
3723 0.149 0. 0.149
3724 0.149 0. 0.149
3725 0.15 0. 0.15
3726 0.15 0.004 0.145
3727 0.149 0. 0.149
3728 0.149 0. 0.149
3729 0.149 0. 0.149
3730 0.149 0. 0.149
3731 0.15 0. 0.15
3732 0.15 0. 0.15
3733 0.151 0. 0.15
3734 0.149 0. 0.149
3735 0.15 0. 0.149
3736 0.15 0. 0.15
3737 0.15 0. 0.15
3738 0.15 0. 0.15
3739 0.15 0. 0.15
3740 0.15 0. 0.15
3741 0.151 0. 0.15
3742 0.151 0. 0.15
3743 0.15 0. 0.15
3744 0.152 0. 0.152
3745 0.151 0. 0.151
3746 0.151 0. 0.151
3747 0.151 0. 0.151
3748 0.151 0. 0.15
3749 0.151 0. 0.15
3750 0.151 0. 0.151
3751 0.151 0. 0.151
3752 0.151 0. 0.15
3753 0.151 0. 0.15
3754 0.151 0. 0.151
3755 0.151 0. 0.151
3756 0.15 0. 0.15
3757 0.151 0. 0.15
3758 0.15 0. 0.15
3759 0.152 0. 0.152
3760 0.15 0. 0.15
3761 0.151 0. 0.151
3762 0.151 0. 0.151
3763 0.151 0. 0.151
3764 0.152 0. 0.151
3765 0.151 0. 0.151
3766 0.15 0. 0.15
3767 0.151 0. 0.151
3768 0.152 0. 0.152
3769 0.151 0. 0.151
3770 0.152 0. 0.151
3771 0.151 0. 0.151
3772 0.151 0. 0.151
3773 0.151 0. 0.151
3774 0.151 0. 0.151
3775 0.151 0. 0.151
3776 0.151 0. 0.151
3777 0.151 0. 0.151
3778 0.151 0. 0.151
3779 0.152 0. 0.152
3780 0.151 0. 0.151
3781 0.151 0. 0.151
3782 0.152 0. 0.152
3783 0.151 0. 0.151
3784 0.152 0. 0.152
3785 0.153 0. 0.153
3786 0.152 0. 0.152
3787 0.151 0. 0.151
3788 0.152 0. 0.152
3789 0.152 0. 0.152
3790 0.152 0.003 0.148
3791 0.153 0. 0.152
3792 0.152 0. 0.152
3793 0.152 0. 0.152
3794 0.152 0. 0.152
3795 0.152 0. 0.152
3796 0.152 0. 0.152
3797 0.152 0. 0.152
3798 0.152 0. 0.152
3799 0.153 0. 0.153
3800 0.154 0. 0.154
3801 0.153 0. 0.153
3802 0.152 0. 0.152
3803 0.152 0. 0.152
3804 0.152 0. 0.152
3805 0.152 0. 0.152
3806 0.152 0. 0.152
3807 0.152 0. 0.152
3808 0.154 0. 0.154
3809 0.152 0. 0.152
3810 0.152 0. 0.152
3811 0.152 0. 0.152
3812 0.152 0. 0.152
3813 0.153 0. 0.153
3814 0.152 0. 0.152
3815 0.153 0. 0.152
3816 0.153 0. 0.152
3817 0.153 0. 0.153
3818 0.153 0. 0.153
3819 0.152 0. 0.152
3820 0.153 0. 0.153
3821 0.154 0. 0.154
3822 0.153 0. 0.153
3823 0.152 0. 0.152
3824 0.153 0. 0.153
3825 0.153 0. 0.153
3826 0.153 0. 0.153
3827 0.154 0. 0.154
3828 0.153 0. 0.153
3829 0.153 0. 0.153
3830 0.154 0. 0.153
3831 0.153 0. 0.153
3832 0.155 0. 0.154
3833 0.153 0. 0.153
3834 0.154 0. 0.154
3835 0.154 0. 0.154
3836 0.153 0. 0.153
3837 0.153 0. 0.153
3838 0.154 0. 0.154
3839 0.154 0. 0.154
3840 0.154 0. 0.154
3841 0.154 0. 0.154
3842 0.153 0. 0.153
3843 0.154 0. 0.154
3844 0.153 0. 0.153
3845 0.155 0. 0.155
3846 0.154 0. 0.154
3847 0.154 0. 0.154
3848 0.154 0. 0.153
3849 0.154 0. 0.154
3850 0.155 0. 0.155
3851 0.154 0. 0.154
3852 0.154 0. 0.154
3853 0.155 0. 0.155
3854 0.155 0. 0.154
3855 0.154 0. 0.154
3856 0.154 0. 0.154
3857 0.154 0. 0.154
3858 0.155 0. 0.155
3859 0.154 0. 0.154
3860 0.154 0. 0.154
3861 0.155 0. 0.155
3862 0.154 0. 0.154
3863 0.154 0. 0.154
3864 0.154 0. 0.154
3865 0.154 0. 0.154
3866 0.156 0. 0.156
3867 0.155 0. 0.155
3868 0.155 0. 0.155
3869 0.154 0. 0.154
3870 0.154 0. 0.154
3871 0.154 0. 0.154
3872 0.156 0. 0.156
3873 0.155 0. 0.155
3874 0.155 0. 0.155
3875 0.155 0. 0.155
3876 0.154 0. 0.154
3877 0.155 0. 0.155
3878 0.155 0. 0.155
3879 0.155 0. 0.155
3880 0.155 0. 0.155
3881 0.155 0. 0.155
3882 0.155 0. 0.155
3883 0.155 0. 0.155
3884 0.156 0. 0.156
3885 0.155 0. 0.155
3886 0.155 0. 0.155
3887 0.155 0. 0.155
3888 0.155 0. 0.155
3889 0.155 0. 0.155
3890 0.156 0. 0.156
3891 0.156 0. 0.156
3892 0.155 0. 0.155
3893 0.156 0. 0.155
3894 0.156 0. 0.155
3895 0.155 0. 0.155
3896 0.156 0. 0.156
3897 0.156 0. 0.156
3898 0.156 0. 0.156
3899 0.156 0. 0.156
3900 0.157 0. 0.156
3901 0.156 0. 0.156
3902 0.156 0. 0.156
3903 0.156 0. 0.156
3904 0.156 0. 0.155
3905 0.157 0. 0.157
3906 0.157 0. 0.156
3907 0.156 0. 0.156
3908 0.158 0. 0.157
3909 0.156 0. 0.156
3910 0.156 0. 0.156
3911 0.156 0. 0.156
3912 0.156 0. 0.156
3913 0.156 0. 0.156
3914 0.156 0. 0.156
3915 0.156 0. 0.156
3916 0.156 0. 0.156
3917 0.156 0. 0.156
3918 0.157 0. 0.156
3919 0.157 0. 0.157
3920 0.157 0. 0.157
3921 0.158 0. 0.158
3922 0.157 0. 0.157
3923 0.156 0. 0.156
3924 0.157 0. 0.157
3925 0.157 0. 0.157
3926 0.156 0. 0.156
3927 0.157 0. 0.157
3928 0.157 0. 0.157
3929 0.157 0. 0.157
3930 0.157 0. 0.157
3931 0.158 0. 0.158
3932 0.157 0. 0.157
3933 0.157 0. 0.157
3934 0.157 0. 0.157
3935 0.158 0. 0.158
3936 0.158 0. 0.158
3937 0.157 0. 0.157
3938 0.157 0. 0.157
3939 0.157 0. 0.157
3940 0.158 0. 0.157
3941 0.158 0. 0.158
3942 0.158 0. 0.157
3943 0.158 0. 0.158
3944 0.159 0. 0.159
3945 0.158 0. 0.158
3946 0.158 0. 0.158
3947 0.158 0. 0.158
3948 0.159 0. 0.158
3949 0.159 0. 0.158
3950 0.158 0. 0.158
3951 0.158 0. 0.158
3952 0.159 0. 0.158
3953 0.159 0. 0.159
3954 0.158 0. 0.158
3955 0.158 0. 0.158
3956 0.158 0. 0.158
3957 0.159 0. 0.158
3958 0.158 0. 0.158
3959 0.159 0. 0.159
3960 0.159 0. 0.158
3961 0.159 0. 0.159
3962 0.159 0. 0.159
3963 0.158 0. 0.158
3964 0.158 0. 0.158
3965 0.158 0. 0.158
3966 0.158 0. 0.158
3967 0.158 0. 0.158
3968 0.158 0. 0.158
3969 0.158 0. 0.158
3970 0.159 0. 0.158
3971 0.159 0. 0.159
3972 0.158 0. 0.158
3973 0.159 0. 0.158
3974 0.159 0. 0.158
3975 0.16 0. 0.159
3976 0.158 0. 0.158
3977 0.159 0. 0.159
3978 0.159 0. 0.159
3979 0.159 0. 0.159
3980 0.16 0. 0.16
3981 0.159 0. 0.159
3982 0.159 0. 0.159
3983 0.159 0. 0.159
3984 0.16 0. 0.16
3985 0.159 0. 0.158
3986 0.159 0. 0.159
3987 0.159 0. 0.159
3988 0.159 0. 0.159
3989 0.159 0. 0.159
3990 0.159 0. 0.159
3991 0.159 0. 0.159
3992 0.159 0. 0.159
3993 0.159 0. 0.159
3994 0.161 0. 0.161
3995 0.159 0. 0.159
3996 0.161 0. 0.161
3997 0.16 0. 0.16
3998 0.161 0. 0.161
3999 0.159 0. 0.159