param-n build-real build-sys build-user build-and-refine-real build-and-refine-sys build-and-refine-user refine-real refine-sys refine-user to-constr-real to-constr-sys to-constr-user type-of-real type-of-sys type-of-user
1 0. 0. 0. 0. 0. 0. 0. 0. 0. 0. 0. 0. 0. 0. 0.
2 0. 0. 0. 0. 0. 0. 0. 0. 0. 0. 0. 0. 0. 0. 0.
3 0. 0. 0. 0. 0. 0. 0. 0. 0. 0. 0. 0. 0. 0. 0.
4 0. 0. 0. 0. 0. 0. 0. 0. 0. 0. 0. 0. 0. 0. 0.
5 0. 0. 0. 0. 0. 0. 0. 0. 0. 0. 0. 0. 0. 0. 0.
6 0. 0. 0. 0. 0. 0. 0. 0. 0. 0. 0. 0. 0. 0. 0.
7 0. 0. 0. 0.001 0. 0. 0. 0. 0. 0. 0. 0. 0. 0. 0.
8 0. 0. 0. 0.001 0.001 0. 0. 0. 0. 0. 0. 0. 0. 0. 0.
9 0. 0. 0. 0.001 0.001 0. 0. 0. 0. 0. 0. 0. 0. 0. 0.
10 0. 0. 0. 0.001 0.001 0. 0. 0. 0. 0. 0. 0. 0. 0. 0.
11 0. 0. 0. 0.001 0.001 0. 0. 0. 0. 0. 0. 0. 0. 0. 0.
12 0. 0. 0. 0.001 0. 0.001 0. 0. 0. 0. 0. 0. 0. 0. 0.
13 0. 0. 0. 0.002 0. 0.001 0. 0. 0. 0. 0. 0. 0. 0. 0.
14 0. 0. 0. 0.002 0. 0.002 0. 0. 0. 0. 0. 0. 0. 0. 0.
15 0. 0. 0. 0.002 0. 0.002 0. 0. 0. 0. 0. 0. 0. 0. 0.
16 0. 0. 0. 0.002 0.001 0. 0. 0. 0. 0.001 0.001 0. 0. 0. 0.
17 0. 0. 0. 0.003 0.001 0.001 0. 0. 0. 0.001 0. 0. 0. 0. 0.
18 0.001 0. 0.001 0.003 0. 0.003 0. 0. 0. 0.001 0. 0.001 0. 0. 0.
19 0.001 0. 0.001 0.003 0. 0.003 0. 0. 0. 0.001 0. 0.001 0. 0. 0.
20 0.001 0. 0.001 0.003 0. 0.003 0. 0. 0. 0.001 0. 0.001 0. 0. 0.
21 0.001 0. 0.001 0.004 0.001 0.003 0. 0. 0. 0.001 0. 0.001 0. 0. 0.
22 0.001 0.001 0. 0.004 0.002 0.002 0. 0. 0. 0.001 0. 0.001 0. 0. 0.
23 0.001 0. 0.001 0.004 0.003 0.001 0. 0. 0. 0.002 0.002 0. 0.001 0.001 0.
24 0.001 0. 0.001 0.005 0.001 0.003 0. 0. 0. 0.002 0. 0.002 0.001 0.001 0.
25 0.001 0.001 0. 0.005 0.005 0. 0. 0. 0. 0.002 0.002 0. 0.001 0.001 0.
26 0.001 0.001 0. 0.005 0.005 0. 0. 0. 0. 0.002 0.002 0. 0.001 0.001 0.
27 0.001 0.001 0. 0.052 0.001 0.05 0. 0. 0. 0.05 0. 0.05 0. 0. 0.
28 0. 0. 0. 0.003 0. 0.003 0. 0. 0. 0.001 0. 0.001 0. 0. 0.
29 0. 0. 0. 0.003 0. 0.003 0. 0. 0. 0.001 0. 0.001 0.001 0. 0.001
30 0. 0. 0. 0.004 0. 0.004 0. 0. 0. 0.001 0. 0.001 0.001 0. 0.001
31 0. 0. 0. 0.004 0. 0.004 0. 0. 0. 0.002 0. 0.002 0.001 0. 0.001
32 0. 0. 0. 0.004 0. 0.004 0. 0. 0. 0.002 0. 0.002 0.001 0. 0.001
33 0. 0. 0. 0.004 0. 0.004 0. 0. 0. 0.002 0. 0.002 0.001 0. 0.001
34 0. 0. 0. 0.005 0. 0.005 0. 0. 0. 0.002 0. 0.002 0.001 0. 0.001
35 0. 0. 0. 0.005 0. 0.005 0. 0. 0. 0.002 0. 0.002 0.001 0. 0.001
36 0. 0. 0. 0.006 0. 0.006 0. 0. 0. 0.002 0. 0.002 0.002 0. 0.002
37 0.001 0. 0.001 0.005 0. 0.005 0. 0. 0. 0.002 0. 0.002 0.001 0. 0.001
38 0. 0. 0. 0.005 0. 0.005 0. 0. 0. 0.002 0. 0.002 0.001 0. 0.001
39 0.001 0. 0.001 0.006 0. 0.006 0. 0. 0. 0.003 0. 0.003 0.001 0. 0.001
40 0.001 0. 0.001 0.006 0. 0.006 0. 0. 0. 0.003 0. 0.003 0.001 0. 0.001
41 0.001 0. 0.001 0.006 0. 0.006 0. 0. 0. 0.003 0. 0.003 0.002 0. 0.002
42 0.001 0. 0.001 0.007 0. 0.007 0. 0. 0. 0.003 0. 0.003 0.002 0. 0.002
43 0.001 0. 0.001 0.007 0. 0.007 0. 0. 0. 0.003 0. 0.003 0.002 0. 0.002
44 0.001 0. 0.001 0.007 0. 0.007 0. 0. 0. 0.003 0. 0.003 0.002 0. 0.002
45 0.001 0. 0.001 0.007 0. 0.007 0. 0. 0. 0.003 0. 0.003 0.002 0. 0.002
46 0.001 0. 0.001 0.008 0. 0.008 0. 0. 0. 0.004 0. 0.004 0.002 0. 0.002
47 0.001 0. 0.001 0.008 0. 0.008 0. 0. 0. 0.004 0. 0.004 0.002 0. 0.002
48 0.001 0. 0.001 0.009 0. 0.009 0. 0. 0. 0.004 0. 0.004 0.002 0. 0.002
49 0.001 0. 0.001 0.009 0. 0.009 0. 0. 0. 0.004 0. 0.004 0.002 0. 0.002
50 0.001 0. 0.001 0.009 0. 0.009 0. 0. 0. 0.004 0. 0.004 0.003 0. 0.003
51 0.001 0. 0.001 0.01 0. 0.01 0. 0. 0. 0.005 0. 0.005 0.003 0. 0.003
52 0.001 0. 0.001 0.01 0. 0.01 0. 0. 0. 0.005 0. 0.005 0.003 0. 0.003
53 0.001 0. 0.001 0.01 0. 0.01 0. 0. 0. 0.005 0. 0.005 0.003 0. 0.003
54 0.001 0. 0.001 0.011 0. 0.011 0. 0. 0. 0.005 0. 0.005 0.003 0. 0.003
55 0.001 0. 0.001 0.011 0. 0.011 0. 0. 0. 0.005 0. 0.005 0.003 0. 0.003
56 0.001 0. 0.001 0.012 0. 0.012 0. 0. 0. 0.006 0. 0.006 0.003 0. 0.003
57 0.001 0. 0.001 0.012 0. 0.012 0. 0. 0. 0.006 0. 0.006 0.003 0. 0.003
58 0.001 0. 0.001 0.012 0. 0.012 0. 0. 0. 0.006 0. 0.006 0.004 0. 0.003
59 0.001 0. 0.001 0.013 0. 0.013 0. 0. 0. 0.007 0. 0.007 0.004 0. 0.004
60 0.001 0. 0.001 0.013 0. 0.013 0. 0. 0. 0.007 0. 0.007 0.004 0. 0.004
61 0.001 0. 0.001 0.014 0. 0.014 0. 0. 0. 0.007 0. 0.007 0.004 0. 0.004
62 0.001 0. 0.001 0.013 0. 0.013 0. 0. 0. 0.008 0. 0.008 0.003 0. 0.003
63 0.001 0. 0.001 0.015 0. 0.015 0. 0. 0. 0.007 0. 0.007 0.004 0. 0.004
64 0.001 0. 0.001 0.015 0. 0.015 0. 0. 0. 0.007 0. 0.007 0.004 0. 0.004
65 0.001 0. 0.001 0.017 0. 0.017 0. 0. 0. 0.009 0. 0.009 0.005 0. 0.005
66 0.001 0. 0.001 0.016 0. 0.016 0. 0. 0. 0.008 0. 0.008 0.005 0. 0.005
67 0.001 0. 0.001 0.016 0. 0.016 0. 0. 0. 0.008 0. 0.008 0.005 0. 0.005
68 0.002 0. 0.002 0.017 0. 0.017 0. 0. 0. 0.009 0. 0.009 0.005 0. 0.005
69 0.001 0. 0.001 0.017 0. 0.017 0. 0. 0. 0.009 0. 0.009 0.005 0. 0.005
70 0.001 0. 0.001 0.018 0. 0.018 0. 0. 0. 0.009 0. 0.009 0.006 0. 0.005
71 0.001 0. 0.001 0.018 0. 0.018 0. 0. 0. 0.009 0. 0.009 0.005 0. 0.005
72 0.001 0. 0.001 0.017 0. 0.017 0. 0. 0. 0.01 0. 0.01 0.004 0. 0.004
73 0.001 0. 0.001 0.019 0. 0.019 0. 0. 0. 0.01 0. 0.01 0.006 0. 0.006
74 0.001 0. 0.001 0.021 0. 0.021 0. 0. 0. 0.01 0. 0.01 0.008 0. 0.008
75 0.001 0. 0.001 0.019 0. 0.019 0. 0. 0. 0.01 0. 0.01 0.006 0. 0.006
76 0.001 0. 0.001 0.02 0. 0.02 0. 0. 0. 0.01 0. 0.01 0.007 0. 0.007
77 0.001 0. 0.001 0.02 0. 0.02 0. 0. 0. 0.011 0. 0.011 0.006 0. 0.006
78 0.001 0. 0.001 0.024 0. 0.024 0. 0. 0. 0.011 0. 0.011 0.009 0. 0.009
79 0.001 0. 0.001 0.021 0. 0.021 0. 0. 0. 0.011 0. 0.011 0.007 0. 0.007
80 0.002 0. 0.002 0.021 0. 0.021 0. 0. 0. 0.013 0. 0.013 0.005 0. 0.005
81 0.002 0. 0.002 0.022 0. 0.022 0. 0. 0. 0.012 0. 0.012 0.007 0. 0.007
82 0.002 0. 0.002 0.025 0. 0.025 0. 0. 0. 0.015 0. 0.015 0.007 0. 0.007
83 0.002 0. 0.002 0.023 0. 0.023 0. 0. 0. 0.012 0. 0.012 0.007 0. 0.007
84 0.002 0. 0.002 0.024 0. 0.024 0. 0. 0. 0.013 0. 0.013 0.008 0. 0.008
85 0.002 0. 0.002 0.025 0. 0.025 0. 0. 0. 0.013 0. 0.013 0.009 0. 0.009
86 0.002 0. 0.002 0.025 0. 0.025 0. 0. 0. 0.013 0. 0.013 0.008 0. 0.008
87 0.002 0. 0.002 0.024 0.003 0.021 0. 0. 0. 0.014 0.003 0.01 0.007 0. 0.007
88 0.002 0. 0.002 0.027 0. 0.027 0. 0. 0. 0.014 0. 0.014 0.01 0. 0.01
89 0.002 0. 0.002 0.027 0. 0.027 0. 0. 0. 0.014 0. 0.014 0.009 0. 0.009
90 0.002 0. 0.002 0.026 0. 0.026 0. 0. 0. 0.015 0. 0.015 0.008 0. 0.008
91 0.002 0. 0.002 0.029 0. 0.029 0. 0. 0. 0.015 0. 0.015 0.01 0. 0.01
92 0.002 0. 0.002 0.028 0. 0.028 0. 0. 0. 0.015 0. 0.015 0.009 0. 0.009
93 0.002 0. 0.002 0.028 0. 0.028 0. 0. 0. 0.016 0. 0.016 0.009 0. 0.009
94 0.002 0. 0.002 0.03 0. 0.03 0. 0. 0. 0.017 0. 0.017 0.009 0. 0.009
95 0.002 0. 0.002 0.031 0.003 0.028 0. 0. 0. 0.016 0. 0.016 0.012 0.003 0.009
96 0.002 0. 0.002 0.03 0. 0.03 0.001 0. 0.001 0.016 0. 0.016 0.01 0. 0.01
97 0.002 0. 0.002 0.034 0. 0.034 0.001 0. 0.001 0.02 0. 0.02 0.01 0. 0.01
98 0.002 0. 0.002 0.03 0. 0.029 0. 0. 0. 0.017 0. 0.017 0.009 0. 0.009
99 0.002 0. 0.002 0.034 0. 0.034 0.001 0. 0.001 0.017 0. 0.017 0.012 0. 0.012
100 0.002 0. 0.002 0.035 0. 0.035 0. 0. 0. 0.018 0. 0.018 0.013 0. 0.013
101 0.005 0.004 0.001 0.108 0.012 0.096 0. 0. 0. 0.092 0.007 0.084 0.01 0. 0.01
102 0.002 0. 0.002 0.033 0. 0.033 0. 0. 0. 0.02 0. 0.02 0.009 0. 0.009
103 0.002 0. 0.002 0.039 0. 0.038 0.001 0. 0.001 0.019 0. 0.019 0.015 0. 0.015
104 0.002 0. 0.002 0.036 0. 0.036 0. 0. 0. 0.019 0. 0.019 0.013 0. 0.013
105 0.002 0. 0.002 0.04 0. 0.04 0.001 0. 0.001 0.02 0. 0.02 0.016 0. 0.016
106 0.002 0. 0.002 0.038 0. 0.037 0.001 0. 0.001 0.02 0. 0.02 0.012 0. 0.012
107 0.003 0.003 0. 0.039 0.003 0.036 0.001 0. 0.001 0.02 0. 0.02 0.013 0. 0.013
108 0.004 0. 0.004 0.041 0. 0.041 0.001 0. 0.001 0.021 0. 0.021 0.013 0. 0.013
109 0.002 0. 0.002 0.041 0. 0.041 0.001 0. 0.001 0.022 0. 0.022 0.014 0. 0.014
110 0.002 0. 0.002 0.042 0. 0.042 0.001 0. 0.001 0.023 0. 0.023 0.014 0. 0.014
111 0.002 0. 0.002 0.043 0. 0.043 0.001 0. 0.001 0.023 0. 0.023 0.015 0. 0.015
112 0.003 0. 0.003 0.043 0. 0.043 0.001 0. 0.001 0.024 0. 0.024 0.014 0. 0.014
113 0.002 0. 0.002 0.044 0. 0.044 0.002 0. 0.002 0.024 0. 0.023 0.015 0. 0.015
114 0.003 0. 0.003 0.044 0. 0.044 0.001 0. 0.001 0.023 0. 0.023 0.014 0. 0.014
115 0.003 0. 0.003 0.046 0. 0.046 0.002 0. 0.002 0.024 0. 0.024 0.016 0. 0.016
116 0.002 0. 0.002 0.045 0. 0.045 0. 0. 0. 0.024 0. 0.024 0.017 0. 0.017
117 0.002 0. 0.002 0.053 0. 0.051 0.002 0. 0.002 0.025 0. 0.025 0.021 0. 0.02
118 0.002 0. 0.002 0.043 0. 0.043 0. 0. 0. 0.026 0. 0.026 0.012 0. 0.012
119 0.003 0. 0.003 0.053 0. 0.053 0.001 0. 0.001 0.03 0. 0.03 0.017 0. 0.017
120 0.003 0. 0.003 0.046 0. 0.046 0.001 0. 0.001 0.026 0. 0.026 0.015 0. 0.015
121 0.003 0. 0.003 0.052 0. 0.052 0.002 0. 0.002 0.029 0. 0.029 0.017 0. 0.017
122 0.003 0.003 0. 0.052 0.003 0.048 0.002 0. 0.002 0.027 0. 0.027 0.018 0. 0.018
123 0.003 0. 0.003 0.048 0. 0.048 0. 0. 0. 0.031 0. 0.031 0.013 0. 0.013
124 0.003 0. 0.003 0.055 0. 0.055 0.002 0. 0.002 0.031 0. 0.031 0.018 0. 0.018
125 0.003 0. 0.003 0.051 0. 0.051 0.001 0. 0.001 0.029 0. 0.029 0.017 0. 0.017
126 0.003 0. 0.003 0.056 0. 0.056 0. 0. 0. 0.031 0. 0.031 0.021 0. 0.021
127 0.003 0. 0.003 0.059 0. 0.059 0.002 0. 0.002 0.035 0. 0.035 0.019 0. 0.019
128 0.003 0. 0.003 0.053 0. 0.052 0.001 0. 0.001 0.031 0. 0.031 0.017 0. 0.016
129 0.003 0. 0.003 0.059 0. 0.059 0. 0. 0. 0.033 0. 0.033 0.022 0. 0.022
130 0.003 0. 0.003 0.062 0. 0.061 0.002 0. 0.002 0.035 0. 0.035 0.02 0. 0.02
131 0.003 0. 0.003 0.056 0. 0.056 0.001 0. 0.001 0.032 0. 0.032 0.018 0. 0.018
132 0.005 0. 0.005 0.061 0. 0.061 0. 0. 0. 0.032 0. 0.032 0.022 0. 0.022
133 0.003 0. 0.003 0.065 0. 0.065 0.002 0. 0.002 0.036 0. 0.036 0.022 0. 0.022
134 0.003 0. 0.003 0.063 0. 0.063 0.002 0. 0.002 0.034 0. 0.034 0.022 0. 0.022
135 0.003 0. 0.003 0.056 0. 0.056 0. 0. 0. 0.034 0. 0.034 0.017 0. 0.017
136 0.003 0. 0.003 0.068 0. 0.068 0. 0. 0. 0.037 0. 0.037 0.026 0. 0.026
137 0.003 0. 0.003 0.069 0. 0.069 0.003 0. 0.003 0.039 0. 0.039 0.022 0. 0.022
138 0.003 0. 0.003 0.066 0. 0.066 0.002 0. 0.002 0.036 0. 0.036 0.023 0. 0.023
139 0.003 0. 0.003 0.059 0. 0.059 0. 0. 0. 0.036 0. 0.036 0.018 0. 0.018
140 0.003 0. 0.003 0.07 0. 0.07 0. 0. 0. 0.04 0. 0.04 0.026 0. 0.026
141 0.003 0. 0.003 0.073 0. 0.073 0.003 0. 0.003 0.041 0. 0.041 0.024 0. 0.024
142 0.005 0. 0.005 0.071 0. 0.071 0.003 0. 0.003 0.038 0. 0.038 0.024 0. 0.024
143 0.003 0. 0.003 0.07 0. 0.069 0.002 0. 0.002 0.038 0. 0.038 0.025 0. 0.024
144 0.003 0. 0.003 0.064 0. 0.064 0.001 0. 0.001 0.039 0. 0.038 0.02 0. 0.02
145 0.003 0. 0.003 0.074 0. 0.074 0. 0. 0. 0.043 0. 0.043 0.026 0. 0.026
146 0.003 0. 0.003 0.082 0. 0.082 0. 0. 0. 0.045 0. 0.045 0.032 0. 0.032
147 0.003 0. 0.003 0.083 0. 0.083 0.004 0. 0.004 0.047 0. 0.047 0.027 0. 0.027
148 0.005 0. 0.005 0.078 0. 0.078 0.004 0. 0.004 0.041 0. 0.041 0.027 0. 0.027
149 0.003 0. 0.003 0.077 0. 0.077 0.003 0. 0.003 0.042 0. 0.042 0.027 0. 0.027
150 0.003 0. 0.003 0.076 0. 0.076 0.002 0. 0.002 0.043 0. 0.043 0.026 0. 0.026
151 0.003 0. 0.003 0.075 0. 0.075 0.001 0. 0.001 0.043 0. 0.043 0.025 0. 0.025
152 0.003 0. 0.003 0.072 0. 0.072 0.001 0. 0.001 0.043 0. 0.043 0.022 0. 0.022
153 0.006 0. 0.006 0.074 0. 0.074 0. 0. 0. 0.045 0. 0.044 0.021 0. 0.021
154 0.004 0. 0.004 0.076 0. 0.076 0. 0. 0. 0.05 0. 0.05 0.021 0. 0.021
155 0.004 0. 0.004 0.081 0. 0.081 0. 0. 0. 0.045 0. 0.045 0.03 0. 0.03
156 0.004 0. 0.004 0.085 0. 0.085 0. 0. 0. 0.046 0. 0.046 0.034 0. 0.034
157 0.004 0. 0.004 0.088 0. 0.088 0. 0. 0. 0.048 0. 0.048 0.034 0. 0.034
158 0.004 0. 0.004 0.09 0. 0.09 0. 0. 0. 0.05 0. 0.05 0.035 0. 0.035
159 0.004 0. 0.004 0.091 0. 0.091 0. 0. 0. 0.05 0. 0.05 0.035 0. 0.035
160 0.004 0. 0.004 0.092 0. 0.092 0. 0. 0. 0.051 0. 0.051 0.035 0. 0.035
161 0.004 0. 0.004 0.093 0.003 0.089 0. 0. 0. 0.052 0. 0.051 0.036 0.003 0.032
162 0.004 0. 0.004 0.093 0. 0.092 0. 0. 0. 0.053 0. 0.052 0.035 0. 0.035
163 0.004 0. 0.004 0.087 0. 0.087 0. 0. 0. 0.058 0. 0.058 0.024 0. 0.024
164 0.004 0. 0.004 0.084 0. 0.084 0. 0. 0. 0.054 0. 0.054 0.025 0. 0.025
165 0.004 0. 0.004 0.086 0. 0.086 0.001 0. 0.001 0.053 0. 0.053 0.026 0. 0.026
166 0.006 0. 0.006 0.09 0. 0.09 0.001 0. 0.001 0.052 0. 0.052 0.029 0. 0.029
167 0.004 0. 0.004 0.091 0. 0.091 0.002 0. 0.002 0.053 0. 0.053 0.03 0. 0.03
168 0.004 0. 0.004 0.094 0. 0.094 0.003 0. 0.003 0.053 0. 0.053 0.032 0. 0.032
169 0.004 0. 0.004 0.098 0. 0.098 0.004 0. 0.004 0.054 0. 0.054 0.034 0. 0.034
170 0.004 0. 0.004 0.103 0.003 0.099 0. 0. 0. 0.055 0. 0.055 0.042 0.003 0.038
171 0.004 0. 0.004 0.103 0. 0.103 0. 0. 0. 0.058 0. 0.058 0.04 0. 0.04
172 0.004 0. 0.004 0.109 0. 0.109 0.004 0. 0.004 0.065 0. 0.065 0.034 0. 0.034
173 0.004 0. 0.004 0.106 0. 0.106 0. 0. 0. 0.058 0. 0.058 0.043 0. 0.043
174 0.004 0. 0.004 0.113 0.003 0.109 0. 0. 0. 0.067 0. 0.067 0.04 0.003 0.036
175 0.004 0. 0.004 0.103 0. 0.103 0.001 0. 0.001 0.068 0. 0.068 0.028 0. 0.028
176 0.014 0. 0.014 0.114 0. 0.114 0.002 0. 0.002 0.059 0. 0.059 0.037 0. 0.037
177 0.004 0. 0.004 0.107 0. 0.106 0.004 0. 0.004 0.061 0. 0.061 0.036 0. 0.035
178 0.004 0. 0.004 0.109 0. 0.109 0. 0. 0. 0.06 0. 0.06 0.043 0. 0.043
179 0.004 0. 0.004 0.105 0. 0.105 0. 0. 0. 0.07 0. 0.07 0.029 0. 0.029
180 0.011 0. 0.011 0.114 0. 0.114 0.002 0. 0.002 0.061 0. 0.061 0.038 0. 0.038
181 0.004 0. 0.004 0.113 0. 0.112 0.004 0. 0.004 0.064 0. 0.064 0.038 0. 0.038
182 0.004 0. 0.004 0.112 0. 0.112 0. 0. 0. 0.062 0. 0.062 0.044 0. 0.043
183 0.004 0. 0.004 0.12 0. 0.119 0.001 0. 0.001 0.072 0. 0.072 0.04 0. 0.04
184 0.004 0. 0.004 0.115 0. 0.114 0.004 0. 0.004 0.067 0. 0.067 0.038 0. 0.038
185 0.005 0. 0.005 0.118 0. 0.117 0. 0. 0. 0.065 0. 0.065 0.045 0. 0.045
186 0.004 0. 0.004 0.119 0. 0.119 0.001 0. 0.001 0.073 0. 0.073 0.039 0. 0.039
187 0.004 0. 0.004 0.125 0. 0.125 0.001 0. 0.001 0.07 0. 0.07 0.049 0. 0.048
188 0.004 0. 0.004 0.121 0.003 0.117 0.001 0. 0. 0.069 0. 0.069 0.046 0.003 0.042
189 0.005 0. 0.005 0.121 0. 0.121 0.003 0. 0.003 0.072 0. 0.072 0.04 0. 0.04
190 0.005 0. 0.005 0.125 0. 0.125 0.001 0. 0.001 0.07 0. 0.07 0.048 0. 0.048
191 0.005 0. 0.005 0.122 0.003 0.118 0.001 0. 0.001 0.076 0.003 0.072 0.039 0. 0.038
192 0.005 0. 0.005 0.126 0.007 0.118 0.001 0. 0.001 0.072 0.003 0.068 0.047 0.003 0.043
193 0.005 0. 0.005 0.119 0. 0.119 0.001 0. 0.001 0.075 0. 0.075 0.038 0. 0.038
194 0.005 0. 0.005 0.132 0.003 0.127 0.001 0. 0.001 0.074 0. 0.074 0.051 0.003 0.047
195 0.005 0. 0.005 0.121 0. 0.121 0.001 0. 0.001 0.079 0. 0.079 0.035 0. 0.035
196 0.005 0. 0.005 0.13 0. 0.13 0.004 0. 0.004 0.077 0. 0.076 0.043 0. 0.043
197 0.005 0. 0.005 0.123 0. 0.123 0.001 0. 0.001 0.077 0. 0.077 0.039 0. 0.039
198 0.005 0. 0.005 0.135 0. 0.135 0.001 0. 0.001 0.078 0. 0.078 0.051 0. 0.05
199 0.005 0. 0.005 0.126 0.003 0.122 0.001 0. 0.001 0.079 0.003 0.075 0.04 0. 0.04
200 0.005 0. 0.005 0.144 0.004 0.14 0.001 0. 0.001 0.088 0.004 0.084 0.049 0. 0.049
201 0.005 0. 0.005 0.136 0. 0.135 0.001 0. 0.001 0.079 0. 0.079 0.049 0. 0.049
202 0.005 0. 0.005 0.146 0.008 0.138 0.002 0. 0.002 0.088 0.004 0.083 0.05 0.004 0.046
203 0.005 0. 0.005 0.135 0. 0.135 0.002 0. 0.002 0.082 0. 0.082 0.044 0. 0.044
204 0.005 0. 0.005 0.138 0.004 0.134 0.001 0. 0.001 0.081 0.003 0.077 0.05 0. 0.05
205 0.005 0. 0.005 0.14 0. 0.14 0.001 0. 0.001 0.082 0. 0.082 0.051 0. 0.051
206 0.012 0. 0.012 0.156 0.008 0.147 0.001 0. 0.001 0.091 0.004 0.087 0.05 0.004 0.046
207 0.008 0. 0.008 0.147 0. 0.146 0.001 0. 0.001 0.087 0. 0.086 0.05 0. 0.05
208 0.005 0. 0.005 0.149 0.004 0.145 0.002 0. 0.002 0.09 0.004 0.086 0.05 0. 0.05
209 0.005 0. 0.005 0.152 0. 0.151 0.001 0. 0.001 0.092 0. 0.092 0.052 0. 0.052
210 0.005 0. 0.005 0.146 0.008 0.138 0.001 0. 0.001 0.086 0.004 0.082 0.052 0.004 0.048
211 0.005 0. 0.005 0.168 0. 0.167 0.001 0. 0.001 0.097 0. 0.097 0.063 0. 0.063
212 0.005 0. 0.005 0.155 0.003 0.151 0.001 0. 0.001 0.096 0.003 0.092 0.052 0. 0.052
213 0.005 0. 0.005 0.156 0. 0.156 0.002 0. 0.002 0.095 0. 0.095 0.053 0. 0.052
214 0.005 0. 0.005 0.161 0.008 0.153 0.001 0. 0.001 0.093 0.004 0.089 0.06 0.004 0.056
215 0.005 0. 0.005 0.152 0. 0.151 0.001 0. 0.001 0.094 0. 0.094 0.05 0. 0.05
216 0.005 0. 0.005 0.148 0.004 0.144 0.002 0. 0.002 0.093 0.003 0.089 0.046 0. 0.046
217 0.005 0. 0.005 0.156 0. 0.156 0.001 0. 0.001 0.094 0. 0.094 0.054 0. 0.054
218 0.005 0. 0.005 0.146 0.004 0.141 0.001 0. 0.001 0.09 0.004 0.085 0.048 0. 0.048
219 0.013 0. 0.013 0.172 0. 0.171 0.001 0. 0.001 0.102 0. 0.102 0.054 0. 0.054
220 0.005 0. 0.005 0.163 0. 0.163 0.001 0. 0.001 0.094 0. 0.094 0.06 0. 0.06
221 0.005 0. 0.005 0.174 0. 0.173 0.001 0. 0.001 0.111 0. 0.11 0.055 0. 0.055
222 0.005 0. 0.005 0.166 0. 0.165 0.001 0. 0.001 0.102 0. 0.102 0.056 0. 0.056
223 0.005 0. 0.005 0.169 0. 0.169 0.001 0. 0.001 0.102 0. 0.101 0.06 0. 0.059
224 0.009 0. 0.009 0.171 0. 0.171 0.001 0. 0.001 0.103 0. 0.103 0.056 0. 0.056
225 0.006 0. 0.006 0.167 0. 0.166 0.001 0. 0.001 0.103 0. 0.103 0.056 0. 0.055
226 0.008 0. 0.008 0.171 0. 0.171 0.001 0. 0.001 0.104 0. 0.104 0.056 0. 0.056
227 0.005 0. 0.005 0.169 0. 0.168 0.001 0. 0.001 0.101 0. 0.101 0.059 0. 0.059
228 0.008 0. 0.008 0.172 0. 0.172 0.001 0. 0.001 0.104 0. 0.104 0.057 0. 0.057
229 0.006 0. 0.006 0.171 0. 0.17 0.001 0. 0.001 0.103 0. 0.102 0.06 0. 0.059
230 0.009 0. 0.009 0.176 0. 0.176 0.001 0. 0.001 0.106 0. 0.106 0.059 0. 0.059
231 0.006 0. 0.006 0.176 0. 0.176 0.001 0. 0.001 0.109 0. 0.109 0.059 0. 0.059
232 0.009 0. 0.009 0.181 0. 0.181 0.001 0. 0.001 0.108 0. 0.108 0.062 0. 0.062
233 0.006 0. 0.006 0.179 0. 0.178 0.001 0. 0.001 0.111 0. 0.111 0.059 0. 0.059
234 0.006 0. 0.006 0.176 0. 0.175 0.001 0. 0.001 0.115 0. 0.115 0.053 0. 0.053
235 0.006 0. 0.006 0.182 0. 0.181 0.001 0. 0.001 0.113 0. 0.113 0.06 0. 0.06
236 0.006 0. 0.006 0.169 0. 0.169 0.002 0. 0.002 0.106 0. 0.105 0.055 0. 0.055
237 0.009 0. 0.009 0.191 0. 0.191 0.001 0. 0.001 0.114 0. 0.113 0.066 0. 0.066
238 0.006 0. 0.006 0.179 0. 0.179 0.001 0. 0.001 0.106 0. 0.106 0.064 0. 0.064
239 0.006 0. 0.006 0.179 0. 0.178 0.001 0. 0.001 0.115 0. 0.114 0.055 0. 0.055
240 0.006 0. 0.006 0.181 0. 0.181 0.001 0. 0.001 0.117 0. 0.116 0.056 0. 0.056
241 0.006 0. 0.006 0.186 0. 0.185 0.001 0. 0.001 0.111 0. 0.11 0.066 0. 0.066
242 0.006 0. 0.006 0.198 0. 0.198 0.001 0. 0.001 0.114 0. 0.114 0.075 0. 0.075
243 0.006 0. 0.006 0.189 0. 0.188 0.001 0. 0.001 0.119 0. 0.119 0.061 0. 0.061
244 0.006 0. 0.006 0.198 0. 0.198 0.001 0. 0.001 0.128 0. 0.128 0.061 0. 0.061
245 0.006 0. 0.006 0.199 0.003 0.195 0.001 0. 0.001 0.122 0. 0.122 0.068 0.003 0.064
246 0.006 0. 0.006 0.212 0. 0.212 0.001 0. 0.001 0.13 0. 0.13 0.073 0. 0.073
247 0.006 0. 0.006 0.207 0. 0.206 0.001 0. 0.001 0.132 0. 0.132 0.065 0. 0.065
248 0.006 0. 0.006 0.209 0. 0.209 0.001 0. 0.001 0.128 0. 0.127 0.073 0. 0.073
249 0.015 0. 0.015 0.216 0.003 0.211 0.001 0. 0.001 0.132 0.003 0.127 0.067 0. 0.066
250 0.006 0. 0.006 0.205 0. 0.205 0.001 0. 0.001 0.132 0. 0.131 0.064 0. 0.064
251 0.006 0. 0.006 0.201 0. 0.2 0.001 0. 0.001 0.128 0. 0.127 0.064 0. 0.064
252 0.01 0. 0.01 0.204 0. 0.204 0.002 0. 0.001 0.128 0. 0.127 0.063 0. 0.063
253 0.006 0. 0.006 0.224 0. 0.224 0.001 0. 0.001 0.138 0. 0.138 0.077 0. 0.077
254 0.006 0. 0.006 0.199 0. 0.199 0.002 0. 0.001 0.125 0. 0.124 0.065 0. 0.065
255 0.006 0. 0.006 0.218 0. 0.217 0.002 0. 0.002 0.135 0. 0.135 0.073 0. 0.073
256 0.006 0. 0.006 0.205 0. 0.205 0.002 0. 0.002 0.133 0. 0.132 0.063 0. 0.063
257 0.006 0. 0.006 0.215 0. 0.215 0.001 0. 0.001 0.141 0. 0.14 0.065 0. 0.065
258 0.007 0. 0.007 0.206 0. 0.205 0.001 0. 0.001 0.128 0. 0.128 0.068 0. 0.068
259 0.006 0. 0.006 0.206 0. 0.205 0.001 0. 0.001 0.129 0. 0.129 0.067 0. 0.067
260 0.01 0. 0.009 0.218 0. 0.218 0.001 0. 0.001 0.133 0. 0.133 0.072 0. 0.072
261 0.009 0. 0.009 0.219 0. 0.219 0.001 0. 0.001 0.135 0. 0.135 0.072 0. 0.072
262 0.006 0. 0.006 0.22 0. 0.22 0.001 0. 0.001 0.136 0. 0.136 0.075 0. 0.075
263 0.006 0. 0.006 0.222 0. 0.222 0.002 0. 0.002 0.136 0. 0.135 0.076 0. 0.076
264 0.006 0. 0.006 0.22 0. 0.22 0.001 0. 0.001 0.142 0. 0.142 0.068 0. 0.068
265 0.006 0. 0.006 0.221 0.004 0.217 0.002 0. 0.002 0.142 0.004 0.138 0.069 0. 0.069
266 0.006 0. 0.006 0.22 0. 0.219 0.001 0. 0.001 0.14 0. 0.14 0.07 0. 0.07
267 0.009 0. 0.009 0.224 0. 0.224 0.002 0. 0.002 0.14 0. 0.14 0.071 0. 0.071
268 0.007 0. 0.007 0.23 0. 0.23 0.002 0. 0.002 0.141 0. 0.141 0.079 0. 0.079
269 0.006 0. 0.006 0.227 0.004 0.223 0.002 0. 0.002 0.149 0.004 0.145 0.069 0. 0.069
270 0.007 0. 0.007 0.231 0. 0.23 0.002 0. 0.002 0.147 0. 0.146 0.074 0. 0.074
271 0.007 0. 0.007 0.23 0. 0.229 0.002 0. 0.002 0.14 0. 0.14 0.079 0. 0.079
272 0.007 0. 0.007 0.252 0. 0.252 0.002 0. 0.002 0.157 0. 0.157 0.085 0. 0.085
273 0.006 0. 0.006 0.239 0. 0.239 0.002 0. 0.002 0.151 0. 0.151 0.079 0. 0.078
274 0.007 0. 0.007 0.251 0. 0.251 0.002 0. 0.002 0.154 0. 0.154 0.086 0. 0.086
275 0.007 0. 0.007 0.246 0. 0.246 0.002 0. 0.002 0.157 0. 0.157 0.079 0. 0.079
276 0.014 0. 0.014 0.26 0. 0.26 0.002 0. 0.002 0.158 0. 0.157 0.086 0. 0.086
277 0.007 0. 0.007 0.251 0. 0.25 0.002 0. 0.002 0.162 0. 0.162 0.078 0. 0.078
278 0.007 0. 0.007 0.258 0. 0.258 0.002 0. 0.002 0.164 0. 0.163 0.084 0. 0.084
279 0.008 0. 0.008 0.257 0. 0.257 0.002 0. 0.002 0.157 0. 0.157 0.089 0. 0.089
280 0.007 0. 0.007 0.251 0. 0.251 0.002 0. 0.002 0.159 0. 0.159 0.081 0. 0.081
281 0.014 0. 0.014 0.275 0. 0.275 0.002 0. 0.002 0.167 0. 0.167 0.09 0. 0.09
282 0.007 0. 0.007 0.257 0. 0.257 0.002 0. 0.002 0.162 0. 0.161 0.085 0. 0.085
283 0.015 0. 0.015 0.27 0. 0.269 0.002 0. 0.002 0.17 0. 0.17 0.081 0. 0.081
284 0.007 0. 0.007 0.259 0. 0.258 0.002 0. 0.002 0.162 0. 0.161 0.087 0. 0.087
285 0.007 0. 0.007 0.243 0. 0.242 0.002 0. 0.002 0.158 0. 0.157 0.075 0. 0.075
286 0.015 0. 0.015 0.268 0. 0.268 0.002 0. 0.002 0.17 0. 0.169 0.08 0. 0.08
287 0.007 0. 0.007 0.253 0. 0.253 0.002 0. 0.002 0.161 0. 0.161 0.081 0. 0.081
288 0.007 0. 0.007 0.253 0. 0.252 0.002 0. 0.002 0.162 0. 0.161 0.08 0. 0.08
289 0.007 0. 0.007 0.261 0. 0.26 0.002 0. 0.002 0.164 0. 0.164 0.086 0. 0.086
290 0.007 0. 0.007 0.261 0. 0.261 0.002 0. 0.002 0.167 0. 0.167 0.084 0. 0.083
291 0.007 0. 0.007 0.269 0. 0.268 0.002 0. 0.002 0.17 0. 0.17 0.088 0. 0.088
292 0.01 0. 0.01 0.27 0. 0.27 0.002 0. 0.002 0.169 0. 0.169 0.088 0. 0.087
293 0.007 0. 0.007 0.285 0.004 0.281 0.002 0. 0.002 0.174 0. 0.174 0.1 0.004 0.096
294 0.007 0. 0.007 0.28 0. 0.279 0.002 0. 0.002 0.172 0. 0.171 0.097 0. 0.097
295 0.007 0. 0.007 0.269 0.004 0.264 0.002 0. 0.002 0.173 0.004 0.168 0.085 0. 0.085
296 0.007 0. 0.007 0.291 0. 0.291 0.002 0. 0.002 0.185 0. 0.185 0.095 0. 0.095
297 0.007 0. 0.007 0.281 0.008 0.272 0.002 0. 0.002 0.179 0.004 0.175 0.09 0.004 0.086
298 0.015 0. 0.014 0.288 0. 0.288 0.002 0. 0.002 0.179 0. 0.179 0.091 0. 0.091
299 0.007 0. 0.007 0.291 0.012 0.278 0.002 0. 0.002 0.184 0.008 0.176 0.096 0.004 0.091
300 0.007 0. 0.007 0.296 0. 0.295 0.002 0. 0.002 0.192 0. 0.192 0.092 0. 0.092
305 0.008 0. 0.008 0.287 0. 0.287 0.002 0. 0.002 0.19 0. 0.19 0.085 0. 0.085
310 0.008 0. 0.008 0.303 0. 0.303 0.003 0. 0.003 0.191 0. 0.191 0.1 0. 0.1
315 0.015 0. 0.015 0.316 0. 0.316 0.002 0. 0.002 0.199 0. 0.198 0.098 0. 0.098
320 0.008 0. 0.008 0.319 0.003 0.315 0.002 0. 0.002 0.204 0.003 0.2 0.103 0. 0.103
325 0.008 0. 0.008 0.324 0. 0.324 0.003 0. 0.003 0.208 0. 0.208 0.104 0. 0.104
330 0.008 0. 0.008 0.335 0. 0.335 0.003 0. 0.003 0.217 0. 0.217 0.105 0. 0.105
335 0.008 0. 0.008 0.359 0. 0.358 0.003 0. 0.003 0.226 0. 0.225 0.12 0. 0.12
340 0.008 0. 0.008 0.382 0. 0.382 0.003 0. 0.003 0.247 0. 0.247 0.123 0. 0.123
345 0.008 0. 0.008 0.388 0.003 0.383 0.003 0. 0.003 0.255 0.003 0.25 0.12 0. 0.12
350 0.009 0. 0.009 0.38 0. 0.38 0.003 0. 0.003 0.246 0. 0.246 0.12 0. 0.12
355 0.009 0. 0.009 0.387 0. 0.386 0.003 0. 0.003 0.248 0. 0.248 0.125 0. 0.124
360 0.016 0. 0.016 0.399 0. 0.399 0.003 0. 0.003 0.253 0. 0.253 0.125 0. 0.125
365 0.018 0. 0.018 0.417 0. 0.417 0.003 0. 0.003 0.266 0. 0.266 0.129 0. 0.128
370 0.017 0. 0.017 0.43 0. 0.429 0.003 0. 0.003 0.272 0. 0.271 0.136 0. 0.136
375 0.01 0. 0.01 0.454 0. 0.454 0.003 0. 0.003 0.294 0. 0.293 0.146 0. 0.146
380 0.009 0. 0.009 0.466 0. 0.465 0.003 0. 0.003 0.306 0. 0.305 0.145 0. 0.145
385 0.017 0. 0.017 0.461 0. 0.46 0.004 0. 0.004 0.294 0. 0.294 0.145 0. 0.145
390 0.01 0. 0.01 0.474 0. 0.473 0.004 0. 0.004 0.303 0. 0.303 0.155 0. 0.155
395 0.017 0. 0.017 0.488 0. 0.488 0.004 0. 0.004 0.309 0. 0.308 0.158 0. 0.157
400 0.01 0. 0.01 0.496 0. 0.496 0.004 0. 0.004 0.319 0. 0.319 0.161 0. 0.161
410 0.01 0. 0.01 0.543 0. 0.543 0.004 0. 0.004 0.355 0. 0.355 0.172 0. 0.172
420 0.011 0. 0.011 0.569 0. 0.569 0.005 0. 0.005 0.376 0. 0.376 0.176 0. 0.176
430 0.015 0. 0.015 0.562 0. 0.562 0.005 0. 0.005 0.366 0. 0.366 0.175 0. 0.175
440 0.014 0. 0.014 0.594 0. 0.594 0.005 0. 0.005 0.388 0. 0.387 0.186 0. 0.185
450 0.012 0. 0.012 0.619 0. 0.619 0.005 0. 0.005 0.404 0. 0.404 0.196 0. 0.196
460 0.011 0. 0.011 0.667 0. 0.667 0.006 0. 0.006 0.433 0. 0.432 0.216 0. 0.216
470 0.012 0. 0.012 0.71 0. 0.709 0.006 0. 0.006 0.465 0. 0.465 0.225 0. 0.225
480 0.012 0. 0.012 0.711 0.003 0.707 0.006 0.003 0.002 0.464 0. 0.464 0.228 0. 0.227
490 0.012 0. 0.012 0.747 0.004 0.742 0.006 0. 0.006 0.491 0.004 0.487 0.235 0. 0.235
500 0.018 0. 0.018 0.78 0. 0.78 0.006 0. 0.006 0.498 0. 0.498 0.256 0. 0.255
550 0.014 0. 0.014 0.971 0. 0.97 0.008 0. 0.008 0.65 0. 0.649 0.297 0. 0.297
600 0.015 0. 0.015 1.095 0. 1.094 0.009 0. 0.009 0.728 0. 0.728 0.341 0. 0.341
650 0.017 0. 0.017 1.306 0. 1.305 0.011 0. 0.011 0.856 0. 0.855 0.421 0. 0.421
700 0.024 0. 0.024 1.562 0. 1.561 0.013 0. 0.013 1.056 0. 1.055 0.467 0. 0.467
750 0.019 0. 0.019 1.738 0. 1.735 0.015 0. 0.015 1.145 0. 1.144 0.556 0. 0.556
800 0.02 0. 0.02 2.011 0.007 2.001 0.018 0. 0.018 1.357 0.003 1.352 0.614 0.004 0.609
850 0.022 0. 0.022 2.253 0.007 2.243 0.02 0. 0.02 1.493 0.007 1.484 0.716 0. 0.715
900 0.026 0. 0.026 2.554 0.011 2.539 0.022 0. 0.022 1.709 0.007 1.699 0.794 0.004 0.79
950 0.025 0. 0.025 2.883 0. 2.88 0.026 0. 0.026 1.953 0. 1.951 0.877 0. 0.877
1000 0.026 0. 0.026 3.192 0. 3.189 0.028 0. 0.028 2.133 0. 2.131 1.003 0. 1.002
1100 0.036 0. 0.036 3.95 0.003 3.942 0.035 0. 0.035 2.648 0.003 2.641 1.23 0. 1.229
1200 0.033 0. 0.032 4.649 0. 4.636 0.041 0. 0.04 3.116 0. 3.108 1.458 0. 1.453
1300 0.035 0. 0.035 5.479 0.007 5.463 0.048 0. 0.048 3.696 0.007 3.683 1.698 0. 1.696
1400 0.037 0. 0.037 6.294 0.003 6.284 0.058 0. 0.058 4.244 0.003 4.236 1.953 0. 1.951
1500 0.04 0. 0.04 7.135 0.011 7.116 0.063 0. 0.063 4.799 0.011 4.782 2.231 0. 2.229
1600 0.045 0. 0.045 8.095 0.003 8.083 0.079 0. 0.079 5.471 0. 5.466 2.498 0.003 2.491
1700 0.044 0. 0.044 9.52 0.003 9.507 0.088 0. 0.087 6.226 0. 6.22 3.16 0.003 3.153
1800 0.053 0. 0.053 10.404 0.051 10.342 0.095 0. 0.095 7.04 0.036 6.997 3.214 0.015 3.195
1900 0.049 0. 0.049 11.896 0.003 11.874 0.104 0. 0.103 7.798 0.003 7.786 3.943 0. 3.933