param-n,build-real,build-sys,build-user,build-and-typecheck-real,build-and-typecheck-sys,build-and-typecheck-user,refine-real,refine-sys,refine-user,typecheck-real,typecheck-sys,typecheck-user
1,0.,0.,0.,0.,0.,0.,0.,0.,0.,0.,0.,0.
2,0.,0.,0.,0.,0.,0.,0.,0.,0.,0.,0.,0.
3,0.,0.,0.,0.,0.,0.,0.,0.,0.,0.,0.,0.
4,0.,0.,0.,0.,0.,0.,0.,0.,0.,0.,0.,0.
5,0.,0.,0.,0.,0.,0.,0.,0.,0.,0.,0.,0.
6,0.,0.,0.,0.,0.,0.,0.,0.,0.,0.,0.,0.
7,0.,0.,0.,0.,0.,0.,0.,0.,0.,0.,0.,0.
8,0.,0.,0.,0.,0.,0.,0.,0.,0.,0.,0.,0.
9,0.,0.,0.,0.001,0.001,0.,0.,0.,0.,0.,0.,0.
10,0.001,0.,0.001,0.001,0.,0.001,0.,0.,0.,0.,0.,0.
11,0.001,0.,0.,0.001,0.,0.001,0.,0.,0.,0.,0.,0.
12,0.001,0.,0.001,0.001,0.,0.001,0.,0.,0.,0.,0.,0.
13,0.001,0.,0.001,0.001,0.,0.001,0.,0.,0.,0.,0.,0.
14,0.001,0.,0.001,0.001,0.,0.001,0.,0.,0.,0.,0.,0.
15,0.001,0.,0.001,0.001,0.,0.001,0.,0.,0.,0.,0.,0.
16,0.001,0.,0.001,0.002,0.,0.002,0.,0.,0.,0.,0.,0.
17,0.,0.,0.,0.001,0.,0.,0.,0.,0.,0.,0.,0.
18,0.,0.,0.,0.001,0.,0.001,0.,0.,0.,0.,0.,0.
19,0.001,0.,0.001,0.001,0.,0.001,0.,0.,0.,0.,0.,0.
20,0.001,0.,0.001,0.001,0.,0.001,0.,0.,0.,0.,0.,0.
21,0.001,0.,0.001,0.001,0.,0.001,0.,0.,0.,0.,0.,0.
22,0.001,0.,0.001,0.001,0.,0.001,0.,0.,0.,0.,0.,0.
23,0.001,0.,0.001,0.001,0.,0.001,0.,0.,0.,0.,0.,0.
24,0.001,0.,0.001,0.001,0.,0.001,0.,0.,0.,0.,0.,0.
25,0.001,0.,0.001,0.001,0.,0.001,0.,0.,0.,0.,0.,0.
26,0.001,0.,0.001,0.001,0.,0.001,0.,0.,0.,0.,0.,0.
27,0.001,0.,0.001,0.001,0.,0.001,0.,0.,0.,0.,0.,0.
28,0.001,0.,0.001,0.001,0.,0.001,0.,0.,0.,0.,0.,0.
29,0.001,0.,0.001,0.001,0.,0.001,0.,0.,0.,0.,0.,0.
30,0.001,0.,0.001,0.001,0.,0.001,0.,0.,0.,0.,0.,0.
31,0.001,0.,0.001,0.002,0.,0.002,0.,0.,0.,0.,0.,0.
32,0.001,0.,0.001,0.002,0.,0.002,0.,0.,0.,0.,0.,0.
33,0.001,0.001,0.,0.002,0.001,0.,0.,0.,0.,0.,0.,0.
34,0.001,0.,0.001,0.002,0.,0.002,0.,0.,0.,0.,0.,0.
35,0.001,0.,0.001,0.002,0.,0.002,0.,0.,0.,0.,0.,0.
36,0.001,0.,0.001,0.002,0.,0.002,0.,0.,0.,0.,0.,0.
37,0.001,0.,0.001,0.002,0.,0.002,0.,0.,0.,0.,0.,0.
38,0.002,0.,0.002,0.002,0.,0.002,0.,0.,0.,0.,0.,0.
39,0.002,0.,0.002,0.002,0.,0.002,0.,0.,0.,0.,0.,0.
40,0.002,0.,0.002,0.002,0.,0.002,0.,0.,0.,0.,0.,0.
41,0.002,0.,0.002,0.002,0.,0.002,0.,0.,0.,0.,0.,0.
42,0.002,0.,0.002,0.002,0.,0.002,0.,0.,0.,0.,0.,0.
43,0.002,0.,0.002,0.003,0.,0.003,0.,0.,0.,0.,0.,0.
44,0.002,0.,0.002,0.002,0.,0.002,0.,0.,0.,0.,0.,0.
45,0.002,0.,0.002,0.002,0.,0.002,0.,0.,0.,0.,0.,0.
46,0.002,0.,0.002,0.002,0.,0.002,0.,0.,0.,0.,0.,0.
47,0.002,0.,0.002,0.003,0.,0.003,0.,0.,0.,0.,0.,0.
48,0.002,0.,0.002,0.003,0.,0.003,0.,0.,0.,0.,0.,0.
49,0.002,0.,0.002,0.003,0.,0.003,0.,0.,0.,0.,0.,0.
50,0.002,0.,0.002,0.003,0.,0.003,0.,0.,0.,0.,0.,0.
51,0.002,0.,0.002,0.003,0.,0.003,0.,0.,0.,0.,0.,0.
52,0.002,0.,0.002,0.003,0.,0.003,0.,0.,0.,0.,0.,0.
53,0.002,0.,0.002,0.003,0.,0.003,0.,0.,0.,0.,0.,0.
54,0.002,0.,0.002,0.003,0.,0.003,0.,0.,0.,0.,0.,0.
55,0.002,0.,0.002,0.003,0.,0.003,0.,0.,0.,0.,0.,0.
56,0.003,0.,0.003,0.003,0.,0.003,0.,0.,0.,0.,0.,0.
57,0.003,0.,0.003,0.003,0.,0.003,0.,0.,0.,0.,0.,0.
58,0.003,0.,0.003,0.003,0.,0.003,0.,0.,0.,0.,0.,0.
59,0.003,0.,0.003,0.003,0.,0.003,0.,0.,0.,0.,0.,0.
60,0.003,0.,0.003,0.003,0.,0.003,0.,0.,0.,0.,0.,0.
61,0.003,0.,0.003,0.004,0.,0.004,0.,0.,0.,0.,0.,0.
62,0.003,0.,0.003,0.004,0.,0.004,0.,0.,0.,0.,0.,0.
63,0.003,0.,0.003,0.004,0.,0.004,0.,0.,0.,0.,0.,0.
64,0.003,0.,0.003,0.004,0.,0.004,0.,0.,0.,0.,0.,0.
65,0.004,0.,0.004,0.005,0.,0.005,0.,0.,0.,0.,0.,0.
66,0.003,0.,0.003,0.004,0.,0.004,0.,0.,0.,0.,0.,0.
67,0.003,0.,0.003,0.004,0.,0.004,0.,0.,0.,0.,0.,0.
68,0.003,0.,0.003,0.004,0.,0.004,0.,0.,0.,0.,0.,0.
69,0.003,0.,0.003,0.004,0.,0.004,0.,0.,0.,0.,0.,0.
70,0.003,0.,0.003,0.004,0.,0.004,0.,0.,0.,0.,0.,0.
71,0.004,0.,0.004,0.005,0.,0.005,0.,0.,0.,0.,0.,0.
72,0.003,0.,0.003,0.004,0.,0.004,0.,0.,0.,0.,0.,0.
73,0.003,0.,0.003,0.004,0.,0.004,0.,0.,0.,0.,0.,0.
74,0.003,0.,0.003,0.004,0.,0.004,0.,0.,0.,0.,0.,0.
75,0.004,0.,0.004,0.005,0.,0.005,0.,0.,0.,0.,0.,0.
76,0.004,0.,0.004,0.005,0.,0.005,0.,0.,0.,0.,0.,0.
77,0.004,0.,0.004,0.005,0.,0.005,0.001,0.,0.001,0.,0.,0.
78,0.004,0.,0.004,0.005,0.,0.005,0.001,0.,0.001,0.,0.,0.
79,0.004,0.,0.004,0.005,0.,0.005,0.,0.,0.,0.,0.,0.
80,0.004,0.,0.004,0.005,0.,0.005,0.001,0.,0.001,0.,0.,0.
81,0.004,0.,0.004,0.005,0.,0.005,0.001,0.,0.001,0.,0.,0.
82,0.004,0.001,0.002,0.005,0.002,0.003,0.001,0.,0.,0.,0.,0.
83,0.004,0.,0.004,0.005,0.,0.005,0.001,0.,0.001,0.001,0.,0.001
84,0.004,0.,0.004,0.005,0.,0.005,0.001,0.,0.001,0.001,0.,0.001
85,0.004,0.,0.004,0.005,0.,0.005,0.001,0.,0.001,0.001,0.,0.001
86,0.005,0.,0.005,0.006,0.,0.006,0.001,0.,0.001,0.001,0.,0.001
87,0.004,0.,0.004,0.005,0.,0.005,0.001,0.,0.001,0.001,0.,0.001
88,0.004,0.,0.004,0.005,0.,0.005,0.001,0.,0.001,0.001,0.,0.001
89,0.004,0.,0.004,0.005,0.,0.005,0.001,0.,0.001,0.001,0.,0.001
90,0.004,0.,0.004,0.006,0.,0.006,0.001,0.,0.001,0.001,0.,0.001
91,0.004,0.,0.004,0.006,0.,0.006,0.001,0.,0.001,0.001,0.,0.001
92,0.004,0.,0.004,0.006,0.,0.006,0.001,0.,0.001,0.001,0.,0.001
93,0.004,0.,0.004,0.006,0.,0.006,0.001,0.,0.001,0.001,0.,0.001
94,0.005,0.,0.005,0.006,0.,0.006,0.001,0.,0.001,0.001,0.,0.001
95,0.005,0.,0.005,0.006,0.,0.006,0.001,0.,0.001,0.001,0.,0.001
96,0.005,0.,0.005,0.006,0.,0.006,0.001,0.,0.001,0.001,0.,0.001
97,0.005,0.,0.005,0.006,0.,0.006,0.001,0.,0.001,0.001,0.,0.001
98,0.005,0.,0.005,0.006,0.,0.006,0.001,0.,0.001,0.001,0.,0.001
99,0.005,0.,0.005,0.006,0.,0.006,0.001,0.,0.001,0.001,0.,0.001
100,0.005,0.,0.005,0.006,0.,0.006,0.001,0.,0.001,0.001,0.,0.001
101,0.005,0.,0.005,0.006,0.,0.006,0.001,0.,0.001,0.001,0.,0.001
102,0.011,0.,0.005,0.013,0.,0.007,0.001,0.,0.001,0.001,0.,0.001
103,0.019,0.003,0.015,0.02,0.004,0.016,0.001,0.,0.001,0.001,0.,0.001
104,0.005,0.,0.005,0.006,0.,0.006,0.001,0.,0.001,0.001,0.,0.001
105,0.005,0.,0.005,0.007,0.,0.007,0.001,0.,0.001,0.001,0.,0.001
106,0.005,0.,0.005,0.007,0.,0.007,0.001,0.,0.001,0.001,0.,0.001
107,0.02,0.,0.02,0.022,0.,0.022,0.001,0.,0.001,0.001,0.,0.001
108,0.006,0.,0.005,0.007,0.,0.007,0.001,0.,0.001,0.001,0.,0.001
109,0.005,0.,0.005,0.007,0.,0.007,0.001,0.,0.001,0.001,0.,0.001
110,0.005,0.,0.005,0.007,0.,0.007,0.001,0.,0.001,0.001,0.,0.001
111,0.006,0.,0.006,0.007,0.,0.007,0.001,0.,0.001,0.001,0.,0.001
112,0.006,0.,0.006,0.007,0.,0.007,0.001,0.,0.001,0.001,0.,0.001
113,0.006,0.,0.006,0.007,0.,0.007,0.001,0.,0.001,0.001,0.,0.001
114,0.006,0.,0.006,0.008,0.,0.008,0.001,0.,0.001,0.001,0.,0.001
115,0.006,0.,0.006,0.007,0.,0.007,0.001,0.,0.001,0.001,0.,0.001
116,0.006,0.,0.006,0.007,0.,0.007,0.001,0.,0.001,0.001,0.,0.001
117,0.006,0.,0.006,0.008,0.,0.008,0.001,0.,0.001,0.002,0.,0.002
118,0.006,0.,0.006,0.008,0.,0.008,0.001,0.,0.001,0.001,0.,0.001
119,0.006,0.,0.006,0.008,0.,0.008,0.001,0.,0.001,0.001,0.,0.001
120,0.006,0.,0.006,0.008,0.,0.008,0.001,0.,0.001,0.001,0.,0.001
121,0.006,0.,0.006,0.008,0.,0.008,0.001,0.,0.001,0.001,0.,0.001
122,0.006,0.,0.006,0.008,0.,0.008,0.001,0.,0.001,0.001,0.,0.001
123,0.006,0.,0.006,0.008,0.,0.008,0.001,0.,0.001,0.001,0.,0.001
124,0.007,0.,0.007,0.009,0.,0.009,0.001,0.,0.001,0.001,0.,0.001
125,0.006,0.,0.006,0.008,0.,0.008,0.001,0.,0.001,0.001,0.,0.001
126,0.006,0.,0.006,0.008,0.,0.008,0.002,0.,0.002,0.001,0.,0.001
127,0.007,0.,0.007,0.009,0.,0.009,0.002,0.,0.002,0.001,0.,0.001
128,0.006,0.,0.006,0.008,0.,0.008,0.002,0.,0.002,0.001,0.,0.001
129,0.006,0.,0.006,0.008,0.,0.008,0.002,0.,0.002,0.001,0.,0.001
130,0.007,0.,0.007,0.009,0.,0.009,0.001,0.,0.001,0.001,0.,0.001
131,0.007,0.,0.007,0.009,0.,0.009,0.002,0.,0.002,0.001,0.,0.001
132,0.006,0.,0.006,0.009,0.,0.009,0.002,0.,0.002,0.001,0.,0.001
133,0.007,0.,0.007,0.009,0.,0.009,0.002,0.,0.002,0.001,0.,0.001
134,0.007,0.,0.007,0.009,0.,0.009,0.002,0.,0.002,0.002,0.,0.002
135,0.007,0.,0.007,0.009,0.,0.009,0.002,0.,0.002,0.002,0.,0.002
136,0.007,0.,0.007,0.009,0.,0.009,0.002,0.,0.002,0.002,0.,0.002
137,0.007,0.,0.007,0.009,0.,0.009,0.002,0.,0.002,0.002,0.,0.002
138,0.007,0.,0.007,0.009,0.,0.009,0.002,0.,0.002,0.002,0.,0.002
139,0.007,0.,0.007,0.009,0.,0.009,0.002,0.,0.002,0.002,0.,0.002
140,0.007,0.,0.007,0.009,0.,0.009,0.002,0.,0.002,0.002,0.,0.002
141,0.007,0.,0.007,0.01,0.,0.01,0.002,0.,0.002,0.002,0.,0.002
142,0.007,0.,0.007,0.009,0.,0.009,0.002,0.,0.002,0.002,0.,0.002
143,0.007,0.,0.007,0.009,0.,0.009,0.002,0.,0.002,0.002,0.,0.002
144,0.008,0.,0.008,0.01,0.,0.01,0.002,0.,0.002,0.002,0.,0.002
145,0.007,0.,0.007,0.01,0.,0.01,0.002,0.,0.002,0.002,0.,0.002
146,0.007,0.,0.007,0.01,0.,0.01,0.002,0.,0.002,0.002,0.,0.002
147,0.007,0.,0.007,0.01,0.,0.01,0.002,0.,0.002,0.002,0.,0.002
148,0.008,0.,0.008,0.01,0.,0.01,0.002,0.,0.002,0.002,0.,0.002
149,0.008,0.,0.008,0.011,0.,0.011,0.002,0.,0.002,0.002,0.,0.002
150,0.008,0.,0.008,0.01,0.,0.01,0.002,0.,0.002,0.002,0.,0.002
151,0.008,0.,0.008,0.01,0.,0.01,0.002,0.,0.002,0.002,0.,0.002
152,0.008,0.,0.008,0.011,0.,0.011,0.002,0.,0.002,0.002,0.,0.002
153,0.008,0.,0.008,0.01,0.,0.01,0.002,0.,0.002,0.002,0.,0.002
154,0.008,0.,0.008,0.011,0.,0.011,0.002,0.,0.002,0.002,0.,0.002
155,0.008,0.,0.008,0.01,0.,0.01,0.002,0.,0.002,0.002,0.,0.002
156,0.008,0.,0.008,0.01,0.,0.01,0.002,0.,0.002,0.002,0.,0.002
157,0.008,0.,0.008,0.011,0.,0.011,0.002,0.,0.002,0.002,0.,0.002
158,0.008,0.,0.008,0.011,0.,0.011,0.002,0.,0.002,0.002,0.,0.002
159,0.009,0.,0.009,0.012,0.,0.012,0.002,0.,0.002,0.002,0.,0.002
160,0.008,0.,0.008,0.011,0.,0.011,0.002,0.,0.002,0.002,0.,0.002
161,0.008,0.,0.008,0.011,0.,0.011,0.002,0.,0.002,0.002,0.,0.002
162,0.008,0.,0.008,0.011,0.,0.011,0.002,0.,0.002,0.002,0.,0.002
163,0.008,0.,0.008,0.011,0.,0.011,0.002,0.,0.002,0.002,0.,0.002
164,0.009,0.,0.009,0.011,0.,0.011,0.002,0.,0.002,0.002,0.,0.002
165,0.008,0.,0.008,0.011,0.,0.011,0.002,0.,0.002,0.002,0.,0.002
166,0.009,0.,0.009,0.012,0.,0.012,0.002,0.,0.002,0.002,0.,0.002
167,0.008,0.,0.008,0.011,0.,0.011,0.003,0.,0.003,0.002,0.,0.002
168,0.008,0.,0.008,0.011,0.,0.011,0.003,0.,0.003,0.002,0.,0.002
169,0.009,0.,0.009,0.012,0.,0.012,0.003,0.,0.003,0.002,0.,0.002
170,0.009,0.,0.009,0.012,0.,0.012,0.003,0.,0.003,0.002,0.,0.002
171,0.009,0.,0.009,0.012,0.,0.012,0.002,0.,0.002,0.002,0.,0.002
172,0.009,0.,0.009,0.012,0.,0.012,0.003,0.,0.003,0.002,0.,0.002
173,0.009,0.,0.009,0.013,0.,0.013,0.003,0.,0.003,0.003,0.,0.003
174,0.009,0.,0.009,0.012,0.,0.012,0.003,0.,0.003,0.003,0.,0.003
175,0.01,0.,0.01,0.013,0.,0.013,0.002,0.,0.002,0.002,0.,0.002
176,0.009,0.,0.009,0.012,0.003,0.009,0.003,0.,0.002,0.003,0.003,0.
177,0.009,0.,0.009,0.013,0.,0.013,0.003,0.,0.003,0.003,0.,0.003
178,0.009,0.,0.009,0.012,0.,0.012,0.003,0.,0.003,0.003,0.,0.003
179,0.009,0.,0.009,0.012,0.,0.012,0.004,0.,0.004,0.003,0.,0.003
180,0.009,0.,0.009,0.012,0.,0.012,0.003,0.,0.003,0.003,0.,0.003
181,0.009,0.,0.009,0.012,0.,0.012,0.003,0.,0.003,0.003,0.,0.003
182,0.009,0.,0.009,0.013,0.,0.013,0.003,0.,0.003,0.003,0.,0.003
183,0.009,0.,0.009,0.013,0.,0.013,0.003,0.,0.003,0.003,0.,0.003
184,0.01,0.,0.01,0.013,0.,0.013,0.003,0.,0.003,0.003,0.,0.003
185,0.009,0.,0.009,0.013,0.,0.013,0.003,0.,0.003,0.003,0.,0.003
186,0.01,0.,0.01,0.013,0.,0.013,0.003,0.,0.003,0.003,0.,0.003
187,0.009,0.,0.009,0.013,0.,0.013,0.003,0.,0.003,0.003,0.,0.003
188,0.01,0.,0.01,0.013,0.,0.013,0.003,0.,0.003,0.003,0.,0.003
189,0.01,0.,0.01,0.013,0.,0.013,0.003,0.,0.003,0.003,0.,0.003
190,0.01,0.,0.01,0.014,0.,0.014,0.003,0.,0.003,0.003,0.,0.003
191,0.01,0.,0.01,0.013,0.,0.013,0.003,0.,0.003,0.003,0.,0.003
192,0.01,0.,0.01,0.014,0.,0.014,0.003,0.,0.003,0.003,0.,0.003
193,0.01,0.,0.01,0.013,0.,0.013,0.003,0.,0.003,0.003,0.,0.003
194,0.011,0.,0.011,0.014,0.,0.014,0.003,0.,0.003,0.003,0.,0.003
195,0.01,0.,0.01,0.013,0.,0.013,0.003,0.,0.003,0.003,0.,0.003
196,0.01,0.,0.01,0.014,0.,0.014,0.003,0.,0.003,0.003,0.,0.003
197,0.01,0.,0.01,0.014,0.,0.014,0.003,0.,0.003,0.003,0.,0.003
198,0.01,0.,0.01,0.014,0.,0.014,0.003,0.,0.003,0.003,0.,0.003
199,0.01,0.,0.01,0.014,0.,0.014,0.003,0.,0.003,0.003,0.,0.003
200,0.01,0.,0.01,0.014,0.,0.014,0.003,0.,0.003,0.003,0.,0.003
201,0.01,0.,0.01,0.014,0.,0.014,0.004,0.,0.004,0.003,0.,0.003
202,0.01,0.,0.01,0.014,0.,0.014,0.004,0.,0.004,0.003,0.,0.003
203,0.011,0.,0.011,0.015,0.,0.015,0.003,0.,0.003,0.003,0.,0.003
204,0.01,0.,0.01,0.014,0.,0.014,0.004,0.,0.004,0.003,0.,0.003
205,0.011,0.,0.011,0.015,0.,0.015,0.004,0.,0.004,0.003,0.,0.003
206,0.011,0.,0.011,0.015,0.,0.015,0.004,0.003,0.,0.003,0.,0.003
207,0.011,0.,0.011,0.015,0.,0.015,0.004,0.,0.004,0.003,0.,0.003
208,0.011,0.,0.011,0.015,0.,0.015,0.004,0.,0.004,0.003,0.,0.003
209,0.012,0.,0.012,0.016,0.,0.016,0.004,0.,0.004,0.004,0.,0.004
210,0.011,0.,0.011,0.015,0.,0.015,0.004,0.,0.004,0.004,0.,0.004
211,0.011,0.,0.011,0.015,0.,0.015,0.004,0.,0.004,0.004,0.,0.004
212,0.011,0.,0.011,0.015,0.,0.016,0.004,0.,0.004,0.004,0.,0.004
213,0.011,0.,0.011,0.015,0.,0.015,0.004,0.,0.004,0.004,0.,0.004
214,0.012,0.,0.012,0.016,0.,0.016,0.004,0.,0.004,0.004,0.,0.003
215,0.011,0.,0.011,0.015,0.,0.015,0.004,0.,0.004,0.004,0.,0.004
216,0.012,0.,0.012,0.016,0.,0.016,0.004,0.,0.004,0.004,0.,0.004
217,0.011,0.,0.011,0.016,0.,0.016,0.004,0.,0.004,0.004,0.,0.004
218,0.011,0.,0.011,0.016,0.,0.016,0.004,0.,0.004,0.004,0.,0.004
219,0.012,0.,0.012,0.017,0.,0.017,0.004,0.,0.004,0.004,0.,0.004
220,0.011,0.,0.011,0.016,0.,0.016,0.004,0.,0.004,0.004,0.,0.004
221,0.012,0.,0.012,0.016,0.,0.016,0.004,0.,0.004,0.004,0.,0.004
222,0.012,0.,0.012,0.016,0.,0.016,0.004,0.,0.004,0.004,0.,0.004
223,0.012,0.,0.012,0.016,0.,0.016,0.004,0.,0.004,0.004,0.,0.004
224,0.012,0.,0.012,0.017,0.,0.017,0.004,0.,0.004,0.005,0.,0.005
225,0.012,0.,0.012,0.016,0.,0.016,0.004,0.,0.004,0.004,0.,0.004
226,0.013,0.,0.013,0.017,0.,0.017,0.004,0.,0.004,0.004,0.,0.004
227,0.012,0.,0.012,0.016,0.,0.016,0.004,0.,0.004,0.004,0.,0.004
228,0.012,0.,0.012,0.016,0.,0.016,0.004,0.,0.004,0.004,0.,0.004
229,0.012,0.,0.012,0.017,0.,0.017,0.004,0.,0.004,0.005,0.,0.005
230,0.012,0.,0.012,0.017,0.,0.017,0.004,0.,0.004,0.004,0.,0.004
231,0.012,0.,0.012,0.017,0.,0.017,0.004,0.,0.004,0.004,0.,0.004
232,0.012,0.,0.012,0.017,0.,0.017,0.005,0.,0.005,0.004,0.,0.004
233,0.012,0.,0.012,0.017,0.,0.017,0.005,0.,0.005,0.004,0.,0.004
234,0.013,0.,0.013,0.018,0.,0.018,0.004,0.,0.004,0.004,0.,0.004
235,0.012,0.,0.012,0.017,0.,0.017,0.005,0.,0.005,0.004,0.,0.004
236,0.013,0.,0.013,0.018,0.,0.018,0.005,0.,0.005,0.004,0.,0.004
237,0.012,0.,0.012,0.018,0.,0.018,0.004,0.,0.004,0.005,0.,0.005
238,0.012,0.,0.012,0.017,0.,0.017,0.005,0.,0.005,0.004,0.,0.004
239,0.014,0.,0.014,0.019,0.,0.019,0.005,0.,0.005,0.004,0.,0.004
240,0.012,0.,0.012,0.017,0.,0.017,0.005,0.,0.005,0.004,0.,0.004
241,0.013,0.,0.013,0.018,0.,0.018,0.005,0.,0.005,0.005,0.,0.005
242,0.014,0.,0.014,0.019,0.,0.019,0.005,0.,0.005,0.005,0.,0.005
243,0.013,0.,0.013,0.018,0.,0.018,0.005,0.,0.005,0.005,0.,0.005
244,0.013,0.,0.013,0.018,0.,0.018,0.005,0.,0.005,0.005,0.,0.005
245,0.013,0.,0.013,0.018,0.,0.018,0.005,0.,0.005,0.005,0.,0.005
246,0.013,0.,0.013,0.018,0.,0.018,0.005,0.,0.005,0.005,0.,0.005
247,0.013,0.,0.013,0.018,0.,0.018,0.005,0.,0.005,0.005,0.,0.005
248,0.013,0.,0.013,0.018,0.,0.018,0.005,0.,0.005,0.005,0.,0.005
249,0.013,0.,0.013,0.018,0.,0.018,0.005,0.,0.005,0.005,0.,0.005
250,0.013,0.,0.013,0.018,0.,0.018,0.005,0.,0.005,0.005,0.,0.005
251,0.013,0.,0.013,0.018,0.,0.018,0.005,0.,0.005,0.005,0.,0.005
252,0.013,0.,0.013,0.019,0.,0.019,0.006,0.,0.006,0.005,0.,0.005
253,0.013,0.,0.013,0.018,0.,0.018,0.005,0.,0.005,0.005,0.,0.005
254,0.014,0.,0.014,0.019,0.,0.019,0.005,0.,0.005,0.005,0.,0.005
255,0.013,0.,0.013,0.019,0.,0.019,0.006,0.,0.006,0.005,0.,0.005
256,0.013,0.,0.013,0.018,0.,0.018,0.005,0.,0.005,0.005,0.,0.005
257,0.014,0.,0.014,0.02,0.,0.02,0.005,0.,0.005,0.005,0.,0.005
258,0.013,0.,0.013,0.02,0.,0.02,0.005,0.,0.005,0.006,0.,0.006
259,0.013,0.,0.013,0.019,0.,0.019,0.005,0.,0.005,0.005,0.,0.005
260,0.014,0.,0.014,0.02,0.,0.02,0.006,0.,0.006,0.005,0.,0.005
261,0.014,0.,0.014,0.02,0.,0.02,0.005,0.,0.005,0.005,0.,0.005
262,0.013,0.,0.013,0.019,0.,0.019,0.006,0.,0.006,0.005,0.,0.005
263,0.014,0.,0.014,0.019,0.,0.019,0.006,0.,0.006,0.005,0.,0.005
264,0.014,0.,0.014,0.02,0.,0.02,0.005,0.,0.005,0.005,0.,0.005
265,0.014,0.,0.014,0.021,0.,0.021,0.006,0.,0.006,0.006,0.,0.006
266,0.014,0.,0.014,0.02,0.,0.02,0.006,0.,0.006,0.005,0.,0.005
267,0.015,0.,0.015,0.021,0.,0.021,0.006,0.,0.006,0.006,0.,0.006
268,0.014,0.,0.014,0.02,0.,0.02,0.006,0.,0.006,0.006,0.,0.006
269,0.014,0.,0.014,0.02,0.,0.02,0.007,0.,0.007,0.006,0.,0.006
270,0.014,0.,0.014,0.02,0.,0.02,0.006,0.,0.006,0.006,0.,0.006
271,0.015,0.,0.015,0.021,0.,0.021,0.006,0.,0.006,0.006,0.,0.006
272,0.015,0.,0.015,0.021,0.,0.021,0.006,0.,0.006,0.005,0.,0.005
273,0.014,0.,0.014,0.021,0.,0.021,0.006,0.,0.006,0.006,0.,0.006
274,0.014,0.,0.014,0.021,0.,0.021,0.006,0.,0.006,0.006,0.,0.006
275,0.015,0.,0.015,0.021,0.,0.021,0.006,0.,0.006,0.006,0.,0.006
276,0.016,0.,0.016,0.022,0.,0.022,0.006,0.,0.006,0.006,0.,0.006
277,0.014,0.,0.014,0.021,0.,0.021,0.006,0.,0.006,0.006,0.,0.006
278,0.015,0.,0.015,0.021,0.,0.021,0.006,0.,0.006,0.006,0.,0.006
279,0.015,0.,0.015,0.022,0.,0.022,0.006,0.,0.006,0.006,0.,0.006
280,0.016,0.,0.016,0.022,0.,0.022,0.006,0.,0.006,0.006,0.,0.006
281,0.015,0.,0.015,0.021,0.,0.021,0.006,0.,0.006,0.006,0.,0.006
282,0.015,0.,0.015,0.021,0.,0.021,0.006,0.,0.006,0.006,0.,0.006
283,0.016,0.,0.016,0.023,0.,0.023,0.006,0.,0.006,0.006,0.,0.006
284,0.016,0.,0.016,0.022,0.,0.022,0.006,0.,0.006,0.006,0.,0.006
285,0.015,0.,0.015,0.022,0.,0.022,0.007,0.,0.007,0.006,0.,0.006
286,0.015,0.,0.015,0.022,0.,0.022,0.007,0.,0.007,0.006,0.,0.006
287,0.016,0.,0.016,0.023,0.,0.023,0.007,0.,0.007,0.006,0.,0.006
288,0.016,0.,0.016,0.023,0.,0.023,0.007,0.,0.007,0.006,0.,0.006
289,0.016,0.,0.016,0.023,0.,0.023,0.007,0.,0.007,0.006,0.,0.006
290,0.015,0.,0.015,0.022,0.,0.022,0.008,0.,0.008,0.006,0.,0.006
291,0.015,0.,0.015,0.022,0.,0.022,0.007,0.,0.007,0.006,0.,0.006
292,0.016,0.,0.016,0.023,0.,0.023,0.007,0.,0.007,0.006,0.,0.006
293,0.016,0.,0.016,0.023,0.,0.023,0.007,0.,0.007,0.006,0.,0.006
294,0.017,0.,0.017,0.024,0.,0.024,0.007,0.,0.007,0.007,0.,0.007
295,0.015,0.,0.015,0.023,0.,0.023,0.008,0.,0.008,0.007,0.,0.007
296,0.016,0.,0.016,0.023,0.,0.023,0.007,0.,0.007,0.007,0.,0.007
297,0.017,0.,0.017,0.024,0.,0.024,0.007,0.,0.007,0.007,0.,0.007
298,0.016,0.,0.016,0.024,0.,0.024,0.007,0.,0.007,0.007,0.,0.007
299,0.017,0.,0.017,0.024,0.,0.024,0.007,0.,0.007,0.007,0.,0.007
300,0.016,0.,0.016,0.023,0.,0.023,0.007,0.,0.007,0.007,0.,0.007
305,0.016,0.,0.016,0.023,0.,0.023,0.007,0.,0.007,0.007,0.,0.007
310,0.016,0.,0.016,0.024,0.,0.024,0.007,0.,0.007,0.007,0.,0.007
315,0.017,0.,0.017,0.025,0.,0.025,0.008,0.,0.008,0.007,0.,0.007
320,0.017,0.,0.017,0.025,0.,0.025,0.008,0.,0.008,0.007,0.,0.007
325,0.018,0.,0.018,0.026,0.,0.026,0.008,0.,0.008,0.008,0.,0.008
330,0.018,0.,0.018,0.027,0.,0.027,0.008,0.,0.008,0.008,0.,0.008
335,0.018,0.,0.018,0.027,0.,0.027,0.008,0.,0.008,0.008,0.,0.008
340,0.018,0.,0.018,0.027,0.,0.027,0.009,0.,0.009,0.009,0.,0.009
345,0.018,0.,0.018,0.028,0.,0.028,0.008,0.,0.008,0.01,0.,0.01
350,0.018,0.,0.018,0.029,0.,0.029,0.009,0.,0.009,0.01,0.,0.01
355,0.018,0.,0.018,0.03,0.,0.03,0.009,0.,0.009,0.011,0.,0.011
360,0.019,0.,0.019,0.03,0.,0.03,0.01,0.,0.01,0.01,0.,0.01
365,0.019,0.,0.019,0.031,0.,0.031,0.009,0.,0.009,0.011,0.,0.011
370,0.019,0.,0.019,0.031,0.,0.031,0.01,0.,0.01,0.011,0.,0.011
375,0.019,0.,0.019,0.03,0.,0.03,0.01,0.,0.01,0.011,0.,0.011
380,0.021,0.,0.021,0.032,0.,0.032,0.011,0.,0.011,0.01,0.,0.01
385,0.021,0.,0.021,0.032,0.,0.032,0.011,0.,0.011,0.01,0.,0.01
390,0.022,0.,0.022,0.033,0.,0.033,0.011,0.,0.011,0.011,0.,0.011
395,0.022,0.,0.022,0.033,0.,0.033,0.011,0.,0.011,0.011,0.,0.011
400,0.022,0.,0.022,0.034,0.,0.034,0.012,0.,0.012,0.011,0.,0.011
410,0.022,0.,0.022,0.034,0.,0.034,0.012,0.,0.012,0.012,0.,0.012
420,0.022,0.,0.022,0.035,0.,0.035,0.013,0.,0.013,0.012,0.,0.012
430,0.024,0.,0.024,0.037,0.,0.037,0.013,0.,0.013,0.013,0.,0.013
440,0.024,0.,0.024,0.038,0.,0.038,0.014,0.,0.014,0.013,0.,0.013
450,0.026,0.,0.026,0.041,0.,0.041,0.015,0.,0.015,0.014,0.,0.014
460,0.024,0.,0.024,0.04,0.,0.04,0.015,0.,0.015,0.015,0.,0.015
470,0.026,0.,0.026,0.042,0.,0.042,0.015,0.,0.015,0.015,0.,0.015
480,0.028,0.,0.028,0.044,0.,0.044,0.018,0.,0.018,0.016,0.,0.016
490,0.028,0.,0.028,0.045,0.,0.045,0.017,0.,0.017,0.017,0.,0.017
500,0.027,0.,0.027,0.045,0.,0.045,0.017,0.,0.017,0.017,0.,0.017
550,0.031,0.,0.031,0.051,0.,0.051,0.02,0.,0.02,0.019,0.,0.019
600,0.033,0.,0.033,0.059,0.,0.059,0.023,0.,0.023,0.026,0.,0.026
650,0.036,0.,0.036,0.067,0.,0.067,0.027,0.,0.027,0.03,0.,0.03
700,0.039,0.,0.039,0.074,0.003,0.07,0.031,0.,0.031,0.035,0.003,0.031
750,0.044,0.,0.044,0.08,0.,0.08,0.036,0.,0.036,0.036,0.,0.036
800,0.045,0.,0.045,0.089,0.,0.089,0.042,0.,0.042,0.044,0.,0.044
850,0.046,0.,0.046,0.093,0.,0.093,0.049,0.,0.049,0.046,0.,0.046
900,0.052,0.,0.052,0.104,0.,0.104,0.052,0.,0.052,0.051,0.,0.051
950,0.053,0.,0.053,0.111,0.,0.111,0.06,0.,0.06,0.057,0.,0.057
1000,0.06,0.,0.06,0.127,0.,0.127,0.063,0.,0.063,0.067,0.,0.067
1100,0.061,0.,0.061,0.136,0.,0.136,0.075,0.,0.075,0.074,0.,0.074
1200,0.067,0.,0.067,0.157,0.,0.157,0.09,0.,0.09,0.09,0.,0.09
1300,0.074,0.,0.074,0.18,0.,0.18,0.107,0.,0.107,0.106,0.,0.106
1400,0.08,0.,0.08,0.204,0.,0.204,0.122,0.,0.122,0.123,0.,0.123
1500,0.087,0.,0.087,0.228,0.,0.228,0.137,0.,0.137,0.14,0.,0.14
1600,0.092,0.,0.092,0.251,0.,0.251,0.157,0.,0.157,0.159,0.,0.159
1700,0.095,0.003,0.091,0.275,0.003,0.271,0.176,0.,0.176,0.18,0.,0.18
1800,0.104,0.,0.104,0.304,0.,0.304,0.198,0.003,0.194,0.2,0.,0.2
1900,0.106,0.,0.106,0.328,0.,0.328,0.219,0.,0.219,0.221,0.,0.221