param-n,build-real,build-sys,build-user,build-and-typecheck-real,build-and-typecheck-sys,build-and-typecheck-user,refine-real,refine-sys,refine-user,typecheck-real,typecheck-sys,typecheck-user
1,0.,0.,0.,0.,0.,0.,0.,0.,0.,0.,0.,0.
2,0.,0.,0.,0.,0.,0.,0.,0.,0.,0.,0.,0.
3,0.,0.,0.,0.,0.,0.,0.,0.,0.,0.,0.,0.
4,0.,0.,0.,0.,0.,0.,0.,0.,0.,0.,0.,0.
5,0.,0.,0.,0.,0.,0.,0.,0.,0.,0.,0.,0.
6,0.,0.,0.,0.,0.,0.,0.,0.,0.,0.,0.,0.
7,0.,0.,0.,0.,0.,0.,0.,0.,0.,0.,0.,0.
8,0.,0.,0.,0.,0.,0.,0.,0.,0.,0.,0.,0.
9,0.,0.,0.,0.,0.,0.,0.,0.,0.,0.,0.,0.
10,0.,0.,0.,0.,0.,0.,0.,0.,0.,0.,0.,0.
11,0.,0.,0.,0.,0.,0.,0.,0.,0.,0.,0.,0.
12,0.,0.,0.,0.001,0.001,0.,0.,0.,0.,0.,0.,0.
13,0.,0.,0.,0.001,0.001,0.,0.,0.,0.,0.,0.,0.
14,0.,0.,0.,0.001,0.,0.001,0.,0.,0.,0.,0.,0.
15,0.001,0.,0.,0.001,0.,0.001,0.,0.,0.,0.,0.,0.
16,0.001,0.,0.001,0.001,0.,0.001,0.,0.,0.,0.,0.,0.
17,0.001,0.,0.001,0.001,0.,0.001,0.,0.,0.,0.,0.,0.
18,0.047,0.,0.047,0.047,0.,0.047,0.,0.,0.,0.,0.,0.
19,0.,0.,0.,0.,0.,0.,0.,0.,0.,0.,0.,0.
20,0.,0.,0.,0.001,0.,0.001,0.,0.,0.,0.,0.,0.
21,0.,0.,0.,0.001,0.,0.001,0.,0.,0.,0.,0.,0.
22,0.,0.,0.,0.001,0.,0.001,0.,0.,0.,0.,0.,0.
23,0.,0.,0.,0.001,0.,0.001,0.,0.,0.,0.,0.,0.
24,0.,0.,0.,0.001,0.,0.001,0.,0.,0.,0.,0.,0.
25,0.,0.,0.,0.001,0.,0.001,0.,0.,0.,0.,0.,0.
26,0.,0.,0.,0.001,0.,0.001,0.,0.,0.,0.,0.,0.
27,0.,0.,0.,0.001,0.,0.001,0.,0.,0.,0.,0.,0.
28,0.,0.,0.,0.001,0.,0.001,0.,0.,0.,0.,0.,0.
29,0.,0.,0.,0.001,0.,0.001,0.,0.,0.,0.,0.,0.
30,0.,0.,0.,0.001,0.,0.001,0.,0.,0.,0.,0.,0.
31,0.,0.,0.,0.001,0.,0.001,0.,0.,0.,0.,0.,0.
32,0.001,0.,0.001,0.001,0.,0.001,0.002,0.,0.002,0.,0.,0.
33,0.001,0.,0.001,0.002,0.,0.002,0.,0.,0.,0.,0.,0.
34,0.001,0.,0.001,0.002,0.,0.002,0.,0.,0.,0.,0.,0.
35,0.001,0.,0.001,0.002,0.,0.002,0.001,0.,0.001,0.001,0.,0.001
36,0.001,0.,0.001,0.002,0.,0.002,0.001,0.,0.001,0.001,0.,0.001
37,0.001,0.,0.001,0.002,0.,0.002,0.001,0.,0.001,0.001,0.,0.001
38,0.001,0.,0.001,0.002,0.,0.002,0.001,0.,0.001,0.001,0.,0.001
39,0.001,0.,0.001,0.002,0.,0.002,0.001,0.,0.001,0.001,0.,0.001
40,0.001,0.,0.001,0.002,0.,0.002,0.001,0.,0.001,0.001,0.,0.001
41,0.001,0.,0.001,0.003,0.,0.003,0.001,0.,0.001,0.001,0.,0.001
42,0.001,0.,0.001,0.002,0.,0.002,0.001,0.,0.001,0.001,0.,0.001
43,0.001,0.,0.001,0.003,0.,0.003,0.001,0.,0.001,0.001,0.,0.001
44,0.001,0.,0.001,0.003,0.,0.003,0.001,0.,0.001,0.001,0.,0.001
45,0.001,0.,0.001,0.003,0.,0.003,0.001,0.,0.001,0.001,0.,0.001
46,0.001,0.,0.001,0.003,0.,0.003,0.001,0.,0.001,0.001,0.,0.001
47,0.001,0.,0.001,0.004,0.,0.004,0.001,0.,0.001,0.002,0.,0.002
48,0.001,0.,0.001,0.003,0.,0.003,0.002,0.,0.002,0.001,0.,0.001
49,0.001,0.,0.001,0.003,0.,0.003,0.002,0.,0.002,0.002,0.,0.002
50,0.001,0.,0.001,0.003,0.,0.003,0.002,0.,0.002,0.002,0.,0.002
51,0.001,0.,0.001,0.003,0.,0.003,0.002,0.,0.002,0.002,0.,0.002
52,0.001,0.,0.001,0.004,0.,0.004,0.003,0.,0.003,0.002,0.,0.002
53,0.001,0.,0.001,0.004,0.,0.004,0.002,0.,0.002,0.002,0.,0.002
54,0.001,0.,0.001,0.004,0.,0.004,0.002,0.,0.002,0.002,0.,0.002
55,0.001,0.,0.001,0.004,0.,0.004,0.002,0.,0.002,0.002,0.,0.002
56,0.001,0.,0.001,0.004,0.,0.004,0.002,0.,0.002,0.002,0.,0.002
57,0.001,0.,0.001,0.005,0.,0.005,0.002,0.,0.002,0.003,0.,0.003
58,0.001,0.,0.001,0.004,0.,0.004,0.002,0.,0.002,0.002,0.,0.002
59,0.001,0.,0.001,0.004,0.,0.005,0.003,0.,0.003,0.002,0.,0.002
60,0.001,0.,0.001,0.005,0.,0.005,0.003,0.,0.003,0.003,0.,0.003
61,0.002,0.,0.002,0.005,0.,0.005,0.003,0.,0.003,0.003,0.,0.003
62,0.002,0.,0.002,0.005,0.,0.005,0.003,0.,0.003,0.003,0.,0.003
63,0.002,0.,0.002,0.005,0.,0.005,0.003,0.,0.003,0.003,0.,0.003
64,0.002,0.,0.002,0.005,0.,0.005,0.003,0.,0.003,0.003,0.,0.003
65,0.002,0.,0.002,0.006,0.,0.006,0.003,0.,0.003,0.003,0.,0.003
66,0.002,0.,0.002,0.006,0.,0.006,0.004,0.,0.004,0.003,0.,0.003
67,0.002,0.,0.002,0.006,0.,0.006,0.004,0.,0.004,0.004,0.,0.004
68,0.002,0.,0.002,0.006,0.,0.006,0.004,0.,0.004,0.004,0.,0.004
69,0.002,0.,0.002,0.006,0.,0.006,0.004,0.,0.004,0.004,0.,0.004
70,0.002,0.,0.002,0.006,0.,0.006,0.004,0.,0.004,0.004,0.,0.004
71,0.002,0.,0.002,0.007,0.,0.007,0.004,0.,0.004,0.004,0.,0.004
72,0.002,0.,0.002,0.006,0.,0.006,0.004,0.,0.004,0.004,0.,0.004
73,0.002,0.,0.002,0.007,0.,0.007,0.004,0.,0.004,0.004,0.,0.004
74,0.002,0.,0.002,0.007,0.,0.007,0.004,0.,0.004,0.005,0.,0.005
75,0.002,0.,0.002,0.007,0.,0.007,0.005,0.,0.005,0.005,0.,0.005
76,0.002,0.,0.002,0.007,0.,0.007,0.005,0.,0.005,0.005,0.,0.005
77,0.003,0.,0.003,0.008,0.,0.008,0.005,0.,0.005,0.004,0.,0.004
78,0.002,0.,0.002,0.007,0.,0.007,0.005,0.,0.005,0.005,0.,0.005
79,0.002,0.,0.002,0.008,0.,0.008,0.005,0.,0.005,0.005,0.,0.005
80,0.002,0.,0.002,0.008,0.,0.008,0.005,0.,0.005,0.005,0.,0.005
81,0.002,0.,0.002,0.008,0.,0.008,0.005,0.,0.005,0.005,0.,0.005
82,0.002,0.,0.002,0.008,0.,0.008,0.005,0.,0.005,0.005,0.,0.005
83,0.002,0.,0.002,0.008,0.,0.008,0.005,0.,0.005,0.005,0.,0.005
84,0.002,0.,0.002,0.009,0.,0.009,0.006,0.,0.006,0.006,0.,0.006
85,0.002,0.,0.002,0.008,0.,0.008,0.006,0.,0.006,0.006,0.,0.006
86,0.002,0.,0.002,0.009,0.,0.009,0.006,0.,0.006,0.006,0.,0.006
87,0.002,0.,0.002,0.009,0.,0.009,0.006,0.,0.006,0.006,0.,0.006
88,0.002,0.,0.002,0.009,0.,0.009,0.007,0.,0.007,0.006,0.,0.006
89,0.002,0.,0.002,0.009,0.,0.009,0.006,0.,0.006,0.006,0.,0.006
90,0.002,0.,0.002,0.009,0.,0.009,0.007,0.,0.007,0.006,0.,0.006
91,0.002,0.,0.002,0.01,0.,0.01,0.007,0.,0.007,0.007,0.,0.007
92,0.002,0.,0.002,0.01,0.,0.01,0.007,0.,0.007,0.007,0.,0.007
93,0.003,0.,0.003,0.01,0.,0.01,0.007,0.,0.007,0.007,0.,0.007
94,0.003,0.,0.003,0.011,0.,0.011,0.007,0.,0.007,0.008,0.,0.008
95,0.003,0.,0.003,0.01,0.,0.01,0.007,0.,0.007,0.007,0.,0.007
96,0.003,0.,0.003,0.012,0.,0.012,0.007,0.,0.007,0.008,0.,0.008
97,0.003,0.,0.003,0.01,0.,0.01,0.007,0.,0.007,0.007,0.,0.007
98,0.003,0.,0.003,0.011,0.,0.011,0.007,0.,0.007,0.007,0.,0.007
99,0.003,0.,0.003,0.011,0.,0.011,0.008,0.,0.008,0.008,0.,0.008
100,0.003,0.,0.003,0.011,0.,0.011,0.008,0.,0.008,0.008,0.,0.008
101,0.003,0.,0.003,0.012,0.,0.012,0.009,0.,0.008,0.008,0.,0.008
102,0.016,0.,0.016,0.024,0.,0.024,0.008,0.,0.008,0.008,0.,0.008
103,0.003,0.,0.003,0.012,0.,0.012,0.023,0.,0.023,0.009,0.,0.009
104,0.003,0.,0.003,0.012,0.,0.012,0.009,0.003,0.005,0.009,0.,0.009
105,0.003,0.,0.003,0.013,0.,0.013,0.009,0.,0.009,0.01,0.,0.01
106,0.003,0.,0.003,0.013,0.,0.013,0.01,0.,0.01,0.009,0.,0.009
107,0.003,0.,0.003,0.013,0.,0.013,0.01,0.,0.01,0.01,0.,0.009
108,0.003,0.,0.003,0.014,0.,0.014,0.009,0.,0.009,0.011,0.,0.011
109,0.003,0.,0.003,0.013,0.,0.013,0.011,0.,0.011,0.01,0.,0.01
110,0.003,0.,0.003,0.013,0.,0.013,0.01,0.,0.01,0.01,0.,0.01
111,0.005,0.,0.005,0.015,0.,0.015,0.01,0.,0.01,0.01,0.,0.01
112,0.003,0.,0.003,0.015,0.,0.015,0.01,0.,0.01,0.011,0.,0.011
113,0.003,0.,0.003,0.014,0.,0.014,0.011,0.,0.011,0.01,0.,0.01
114,0.003,0.,0.003,0.015,0.,0.015,0.011,0.,0.011,0.011,0.,0.011
115,0.004,0.,0.004,0.016,0.,0.016,0.011,0.,0.011,0.011,0.,0.011
116,0.003,0.,0.003,0.016,0.,0.016,0.011,0.,0.011,0.012,0.,0.012
117,0.003,0.,0.003,0.015,0.,0.015,0.013,0.,0.013,0.011,0.,0.011
118,0.004,0.,0.004,0.016,0.,0.016,0.014,0.,0.014,0.011,0.,0.011
119,0.004,0.,0.004,0.016,0.,0.016,0.012,0.,0.012,0.012,0.,0.012
120,0.004,0.,0.004,0.018,0.,0.018,0.012,0.,0.012,0.014,0.,0.014
121,0.004,0.,0.004,0.017,0.,0.017,0.012,0.,0.012,0.013,0.,0.013
122,0.004,0.,0.004,0.018,0.,0.018,0.013,0.,0.013,0.013,0.,0.013
123,0.004,0.,0.004,0.017,0.,0.017,0.014,0.,0.014,0.013,0.,0.013
124,0.004,0.,0.004,0.017,0.,0.017,0.015,0.,0.015,0.013,0.,0.013
125,0.004,0.,0.004,0.017,0.,0.017,0.013,0.,0.013,0.013,0.,0.013
126,0.004,0.,0.004,0.017,0.,0.017,0.013,0.,0.013,0.013,0.,0.013
127,0.005,0.,0.005,0.019,0.,0.019,0.013,0.,0.013,0.013,0.,0.013
128,0.004,0.,0.004,0.018,0.,0.018,0.013,0.,0.013,0.014,0.,0.014
129,0.004,0.,0.004,0.019,0.,0.019,0.014,0.,0.014,0.014,0.,0.014
130,0.004,0.,0.004,0.02,0.,0.02,0.014,0.,0.014,0.016,0.,0.016
131,0.004,0.,0.004,0.021,0.,0.021,0.015,0.,0.015,0.017,0.,0.017
132,0.004,0.,0.004,0.021,0.,0.021,0.014,0.,0.014,0.016,0.,0.016
133,0.004,0.,0.004,0.021,0.003,0.017,0.015,0.,0.014,0.016,0.003,0.012
134,0.004,0.,0.004,0.021,0.,0.021,0.014,0.,0.014,0.016,0.,0.016
135,0.004,0.,0.004,0.022,0.,0.022,0.015,0.,0.015,0.017,0.,0.017
136,0.004,0.,0.004,0.022,0.,0.022,0.015,0.,0.015,0.017,0.,0.017
137,0.004,0.,0.004,0.022,0.,0.022,0.016,0.,0.016,0.017,0.,0.017
138,0.004,0.,0.004,0.022,0.003,0.018,0.015,0.,0.015,0.017,0.003,0.013
139,0.004,0.,0.004,0.022,0.,0.022,0.017,0.,0.017,0.018,0.,0.018
140,0.006,0.003,0.003,0.023,0.003,0.019,0.016,0.,0.016,0.016,0.,0.016
141,0.004,0.,0.004,0.021,0.,0.021,0.017,0.,0.017,0.017,0.,0.017
142,0.004,0.,0.004,0.022,0.,0.022,0.018,0.,0.018,0.017,0.,0.017
143,0.004,0.,0.004,0.022,0.,0.022,0.017,0.,0.017,0.017,0.,0.017
144,0.004,0.,0.004,0.022,0.,0.022,0.019,0.,0.019,0.017,0.,0.017
145,0.004,0.,0.004,0.024,0.,0.024,0.017,0.,0.017,0.019,0.,0.019
146,0.004,0.,0.004,0.025,0.,0.025,0.018,0.,0.018,0.02,0.,0.02
147,0.005,0.,0.005,0.023,0.,0.023,0.017,0.,0.017,0.017,0.,0.017
148,0.004,0.,0.004,0.023,0.,0.023,0.019,0.,0.019,0.018,0.,0.018
149,0.004,0.,0.004,0.023,0.,0.023,0.02,0.,0.02,0.018,0.,0.018
150,0.005,0.,0.005,0.025,0.,0.025,0.018,0.,0.018,0.02,0.,0.02
151,0.005,0.,0.005,0.026,0.,0.026,0.019,0.003,0.015,0.021,0.,0.021
152,0.006,0.,0.006,0.026,0.,0.026,0.021,0.,0.021,0.02,0.,0.02
153,0.005,0.,0.005,0.025,0.,0.025,0.02,0.,0.02,0.02,0.,0.02
154,0.005,0.,0.005,0.026,0.,0.026,0.021,0.,0.021,0.021,0.,0.021
155,0.005,0.,0.005,0.028,0.,0.028,0.022,0.,0.022,0.022,0.,0.022
156,0.005,0.,0.005,0.026,0.,0.026,0.023,0.,0.023,0.021,0.,0.021
157,0.005,0.,0.005,0.029,0.,0.029,0.021,0.,0.021,0.023,0.,0.023
158,0.005,0.,0.005,0.028,0.,0.028,0.022,0.,0.022,0.022,0.,0.022
159,0.005,0.,0.005,0.027,0.,0.027,0.023,0.,0.023,0.021,0.,0.021
160,0.005,0.,0.005,0.03,0.,0.03,0.023,0.,0.023,0.024,0.,0.024
161,0.008,0.003,0.004,0.03,0.003,0.026,0.023,0.,0.023,0.021,0.,0.021
162,0.005,0.,0.005,0.029,0.,0.029,0.021,0.,0.021,0.023,0.,0.023
163,0.005,0.,0.005,0.03,0.,0.03,0.024,0.,0.024,0.024,0.,0.024
164,0.005,0.,0.005,0.031,0.,0.031,0.023,0.,0.023,0.025,0.,0.025
165,0.005,0.,0.005,0.029,0.,0.029,0.024,0.,0.024,0.023,0.,0.023
166,0.005,0.,0.005,0.029,0.,0.029,0.025,0.,0.025,0.023,0.,0.023
167,0.005,0.,0.005,0.031,0.,0.031,0.027,0.,0.027,0.025,0.,0.025
168,0.005,0.,0.005,0.029,0.,0.029,0.028,0.,0.028,0.024,0.,0.024
169,0.005,0.,0.005,0.03,0.,0.03,0.024,0.,0.024,0.024,0.,0.024
170,0.005,0.,0.005,0.034,0.,0.034,0.024,0.,0.024,0.028,0.,0.028
171,0.005,0.,0.005,0.035,0.,0.035,0.026,0.,0.026,0.029,0.,0.029
172,0.005,0.,0.005,0.032,0.,0.032,0.025,0.,0.025,0.027,0.,0.027
173,0.007,0.,0.007,0.032,0.,0.032,0.026,0.,0.026,0.024,0.,0.024
174,0.005,0.,0.005,0.032,0.,0.032,0.026,0.,0.026,0.026,0.,0.026
175,0.006,0.,0.006,0.036,0.,0.036,0.025,0.,0.025,0.03,0.,0.03
176,0.005,0.,0.005,0.036,0.,0.036,0.027,0.,0.027,0.03,0.,0.03
177,0.005,0.,0.005,0.035,0.,0.035,0.029,0.,0.029,0.029,0.,0.029
178,0.005,0.,0.005,0.036,0.,0.036,0.027,0.,0.027,0.03,0.,0.03
179,0.006,0.,0.006,0.032,0.,0.032,0.027,0.,0.027,0.026,0.,0.026
180,0.006,0.,0.006,0.034,0.,0.034,0.028,0.,0.028,0.028,0.,0.028
181,0.006,0.,0.006,0.037,0.,0.037,0.027,0.,0.027,0.03,0.,0.03
182,0.006,0.,0.006,0.034,0.,0.034,0.029,0.,0.029,0.028,0.,0.028
183,0.006,0.,0.006,0.037,0.,0.037,0.032,0.,0.032,0.03,0.,0.03
184,0.006,0.,0.006,0.038,0.,0.038,0.032,0.,0.032,0.032,0.,0.032
185,0.006,0.,0.006,0.037,0.,0.037,0.032,0.,0.032,0.031,0.,0.031
186,0.006,0.,0.006,0.038,0.,0.038,0.03,0.,0.03,0.032,0.,0.032
187,0.007,0.,0.007,0.037,0.,0.037,0.03,0.,0.03,0.03,0.,0.03
188,0.006,0.,0.006,0.036,0.,0.036,0.03,0.,0.03,0.029,0.,0.029
189,0.006,0.,0.006,0.037,0.,0.037,0.03,0.,0.03,0.03,0.,0.03
190,0.006,0.,0.006,0.04,0.,0.04,0.031,0.,0.031,0.033,0.,0.033
191,0.006,0.,0.006,0.04,0.,0.04,0.032,0.,0.032,0.033,0.,0.033
192,0.006,0.,0.006,0.04,0.,0.04,0.034,0.,0.034,0.034,0.,0.034
193,0.006,0.,0.006,0.04,0.,0.04,0.033,0.,0.033,0.033,0.,0.033
194,0.006,0.,0.006,0.04,0.003,0.037,0.031,0.,0.031,0.034,0.003,0.03
195,0.006,0.,0.006,0.041,0.,0.041,0.031,0.,0.031,0.034,0.,0.034
196,0.006,0.,0.006,0.041,0.,0.041,0.033,0.,0.033,0.034,0.,0.034
197,0.006,0.,0.006,0.041,0.,0.041,0.033,0.,0.033,0.034,0.,0.034
198,0.006,0.,0.006,0.042,0.,0.042,0.032,0.,0.032,0.035,0.,0.035
199,0.006,0.,0.006,0.042,0.,0.042,0.034,0.,0.034,0.035,0.,0.035
200,0.006,0.,0.006,0.043,0.,0.043,0.034,0.,0.034,0.036,0.,0.036
201,0.006,0.,0.006,0.044,0.,0.044,0.035,0.,0.035,0.037,0.,0.037
202,0.006,0.,0.006,0.044,0.,0.044,0.035,0.,0.035,0.037,0.,0.037
203,0.01,0.,0.01,0.046,0.,0.046,0.034,0.,0.034,0.035,0.,0.035
204,0.007,0.,0.007,0.043,0.,0.043,0.036,0.,0.036,0.036,0.,0.036
205,0.007,0.,0.007,0.044,0.,0.044,0.037,0.,0.037,0.037,0.,0.037
206,0.006,0.,0.006,0.044,0.,0.044,0.038,0.,0.038,0.037,0.,0.037
207,0.007,0.,0.006,0.044,0.,0.044,0.038,0.,0.038,0.037,0.,0.037
208,0.008,0.,0.008,0.05,0.003,0.046,0.038,0.,0.038,0.042,0.003,0.038
209,0.006,0.,0.006,0.044,0.,0.044,0.037,0.,0.037,0.037,0.,0.037
210,0.006,0.,0.006,0.045,0.,0.045,0.037,0.,0.037,0.038,0.,0.038
211,0.007,0.,0.007,0.046,0.,0.046,0.038,0.,0.038,0.039,0.,0.039
212,0.007,0.,0.007,0.047,0.,0.047,0.039,0.,0.039,0.039,0.,0.039
213,0.007,0.,0.007,0.047,0.,0.047,0.041,0.,0.041,0.04,0.,0.04
214,0.007,0.,0.007,0.047,0.,0.047,0.041,0.,0.041,0.04,0.,0.04
215,0.007,0.,0.007,0.053,0.,0.053,0.04,0.,0.04,0.045,0.,0.045
216,0.007,0.,0.007,0.049,0.,0.049,0.04,0.,0.04,0.041,0.,0.041
217,0.011,0.,0.011,0.051,0.,0.051,0.04,0.,0.04,0.04,0.,0.04
218,0.007,0.,0.007,0.049,0.,0.049,0.042,0.,0.042,0.042,0.,0.042
219,0.008,0.,0.008,0.054,0.,0.054,0.042,0.,0.042,0.045,0.,0.045
220,0.007,0.,0.007,0.05,0.,0.05,0.041,0.,0.041,0.042,0.,0.042
221,0.01,0.,0.01,0.052,0.,0.052,0.041,0.,0.041,0.041,0.,0.041
222,0.007,0.,0.007,0.051,0.,0.051,0.043,0.,0.043,0.043,0.,0.043
223,0.008,0.,0.008,0.055,0.,0.055,0.043,0.,0.043,0.047,0.,0.047
224,0.007,0.,0.007,0.051,0.,0.051,0.042,0.,0.042,0.043,0.,0.043
225,0.007,0.,0.007,0.052,0.,0.052,0.044,0.,0.044,0.044,0.,0.044
226,0.007,0.,0.007,0.052,0.,0.052,0.046,0.,0.046,0.044,0.,0.044
227,0.007,0.,0.007,0.056,0.,0.056,0.046,0.,0.046,0.048,0.,0.048
228,0.01,0.,0.01,0.059,0.,0.059,0.05,0.,0.05,0.048,0.,0.048
229,0.007,0.,0.007,0.053,0.,0.053,0.05,0.,0.05,0.045,0.,0.045
230,0.007,0.,0.007,0.06,0.,0.06,0.046,0.,0.046,0.052,0.,0.052
231,0.007,0.,0.007,0.058,0.,0.058,0.051,0.,0.051,0.05,0.,0.05
232,0.007,0.,0.007,0.056,0.003,0.052,0.05,0.,0.05,0.048,0.003,0.044
233,0.007,0.,0.007,0.06,0.,0.06,0.048,0.,0.048,0.052,0.,0.052
234,0.007,0.,0.007,0.059,0.,0.059,0.051,0.,0.051,0.051,0.,0.051
235,0.008,0.,0.007,0.058,0.,0.058,0.047,0.,0.047,0.05,0.,0.05
236,0.009,0.,0.009,0.061,0.,0.061,0.051,0.,0.051,0.051,0.,0.051
237,0.01,0.,0.01,0.057,0.,0.057,0.047,0.,0.047,0.047,0.,0.047
238,0.008,0.,0.008,0.063,0.,0.063,0.053,0.,0.053,0.054,0.,0.054
239,0.008,0.,0.008,0.058,0.,0.058,0.052,0.,0.052,0.05,0.,0.05
240,0.008,0.,0.008,0.07,0.,0.07,0.053,0.,0.053,0.062,0.,0.062
241,0.008,0.,0.008,0.057,0.,0.057,0.054,0.,0.054,0.049,0.,0.049
242,0.008,0.,0.008,0.064,0.,0.064,0.051,0.,0.051,0.056,0.,0.056
243,0.008,0.,0.008,0.064,0.,0.064,0.06,0.,0.06,0.055,0.,0.055
244,0.008,0.,0.008,0.065,0.,0.065,0.051,0.,0.051,0.056,0.,0.056
245,0.008,0.,0.008,0.068,0.,0.068,0.055,0.003,0.051,0.06,0.,0.06
246,0.008,0.,0.008,0.068,0.,0.068,0.055,0.,0.055,0.059,0.,0.059
247,0.008,0.,0.008,0.06,0.,0.06,0.056,0.,0.056,0.051,0.,0.051
248,0.008,0.,0.008,0.065,0.003,0.061,0.051,0.,0.051,0.056,0.003,0.052
249,0.01,0.,0.01,0.062,0.,0.062,0.053,0.,0.053,0.052,0.,0.052
250,0.009,0.,0.009,0.067,0.,0.067,0.059,0.003,0.055,0.058,0.,0.058
251,0.008,0.,0.008,0.066,0.,0.066,0.054,0.,0.054,0.058,0.,0.058
252,0.008,0.,0.008,0.07,0.,0.07,0.058,0.003,0.054,0.061,0.,0.061
253,0.008,0.,0.008,0.069,0.,0.069,0.055,0.,0.055,0.06,0.,0.06
254,0.01,0.,0.01,0.065,0.,0.065,0.055,0.,0.055,0.054,0.,0.054
255,0.008,0.,0.008,0.068,0.,0.068,0.06,0.,0.06,0.059,0.,0.059
256,0.008,0.,0.008,0.07,0.,0.07,0.057,0.,0.057,0.061,0.,0.061
257,0.009,0.,0.009,0.065,0.,0.065,0.056,0.,0.056,0.055,0.,0.055
258,0.008,0.,0.008,0.07,0.,0.07,0.062,0.,0.062,0.061,0.,0.061
259,0.008,0.,0.008,0.071,0.,0.071,0.058,0.003,0.054,0.062,0.,0.062
260,0.01,0.,0.01,0.067,0.,0.067,0.057,0.,0.057,0.057,0.,0.057
261,0.008,0.,0.008,0.072,0.,0.072,0.061,0.,0.061,0.064,0.,0.064
262,0.011,0.,0.011,0.074,0.,0.074,0.064,0.,0.064,0.062,0.,0.062
263,0.008,0.,0.008,0.077,0.,0.077,0.06,0.,0.06,0.068,0.,0.068
264,0.008,0.,0.008,0.068,0.,0.068,0.066,0.,0.066,0.058,0.,0.058
265,0.009,0.,0.009,0.076,0.,0.076,0.063,0.,0.063,0.066,0.,0.066
266,0.011,0.,0.011,0.076,0.,0.076,0.064,0.,0.064,0.064,0.,0.064
267,0.009,0.,0.009,0.075,0.,0.075,0.061,0.,0.061,0.065,0.,0.065
268,0.01,0.,0.01,0.072,0.,0.072,0.061,0.,0.061,0.062,0.,0.062
269,0.009,0.,0.009,0.077,0.,0.077,0.07,0.,0.07,0.068,0.,0.068
270,0.009,0.,0.009,0.076,0.,0.076,0.067,0.,0.067,0.067,0.,0.067
271,0.01,0.,0.01,0.073,0.,0.073,0.062,0.,0.062,0.063,0.,0.063
272,0.009,0.,0.009,0.083,0.,0.083,0.075,0.,0.075,0.073,0.,0.073
273,0.009,0.,0.009,0.083,0.,0.083,0.066,0.,0.066,0.073,0.,0.073
274,0.009,0.,0.009,0.082,0.,0.082,0.066,0.,0.066,0.072,0.,0.072
275,0.015,0.,0.015,0.084,0.,0.084,0.072,0.,0.072,0.068,0.,0.068
276,0.009,0.,0.009,0.083,0.,0.083,0.072,0.,0.072,0.074,0.,0.074
277,0.009,0.,0.009,0.084,0.,0.084,0.072,0.,0.072,0.074,0.,0.074
278,0.009,0.,0.009,0.084,0.,0.084,0.072,0.,0.072,0.074,0.,0.074
279,0.009,0.,0.009,0.084,0.,0.084,0.074,0.,0.074,0.074,0.,0.074
280,0.009,0.,0.009,0.082,0.,0.082,0.071,0.,0.071,0.072,0.,0.072
281,0.009,0.,0.009,0.081,0.,0.081,0.068,0.,0.068,0.071,0.,0.071
282,0.009,0.,0.009,0.082,0.,0.082,0.069,0.,0.069,0.072,0.,0.072
283,0.009,0.,0.009,0.081,0.,0.082,0.069,0.,0.069,0.072,0.,0.072
284,0.009,0.,0.009,0.082,0.,0.082,0.07,0.,0.07,0.072,0.,0.072
285,0.009,0.,0.009,0.082,0.,0.082,0.078,0.,0.078,0.072,0.,0.072
286,0.009,0.,0.009,0.085,0.,0.085,0.073,0.,0.073,0.075,0.,0.075
287,0.009,0.,0.009,0.086,0.,0.086,0.074,0.003,0.07,0.076,0.,0.076
288,0.009,0.,0.009,0.085,0.,0.085,0.074,0.003,0.07,0.075,0.,0.075
289,0.009,0.,0.009,0.087,0.,0.087,0.075,0.,0.075,0.077,0.,0.077
290,0.012,0.,0.012,0.087,0.,0.087,0.076,0.003,0.072,0.074,0.,0.074
291,0.012,0.,0.012,0.09,0.,0.09,0.078,0.,0.078,0.077,0.,0.077
292,0.009,0.,0.009,0.088,0.,0.088,0.079,0.,0.079,0.078,0.,0.078
293,0.009,0.,0.009,0.088,0.,0.088,0.08,0.,0.08,0.078,0.,0.078
294,0.016,0.,0.016,0.089,0.,0.089,0.072,0.,0.072,0.073,0.,0.073
295,0.009,0.,0.009,0.087,0.,0.087,0.076,0.,0.076,0.077,0.,0.077
296,0.009,0.,0.009,0.088,0.,0.088,0.077,0.,0.077,0.078,0.,0.078
297,0.012,0.,0.012,0.096,0.,0.096,0.082,0.,0.082,0.084,0.,0.084
298,0.01,0.,0.01,0.095,0.,0.095,0.082,0.,0.082,0.084,0.,0.084
299,0.01,0.,0.01,0.095,0.,0.095,0.085,0.,0.085,0.085,0.,0.085
300,0.01,0.,0.01,0.095,0.,0.095,0.087,0.,0.087,0.085,0.,0.085
305,0.01,0.,0.01,0.099,0.003,0.095,0.1,0.,0.1,0.088,0.003,0.084
310,0.01,0.,0.01,0.1,0.,0.1,0.089,0.,0.089,0.089,0.,0.089
315,0.017,0.,0.017,0.109,0.,0.109,0.094,0.,0.094,0.091,0.,0.091
320,0.018,0.,0.018,0.11,0.,0.11,0.091,0.,0.091,0.092,0.,0.092
325,0.014,0.,0.014,0.111,0.,0.111,0.107,0.,0.107,0.097,0.,0.097
330,0.011,0.,0.011,0.105,0.,0.105,0.1,0.,0.1,0.094,0.,0.094
335,0.011,0.,0.011,0.114,0.,0.114,0.098,0.,0.098,0.103,0.,0.103
340,0.011,0.,0.011,0.123,0.,0.123,0.099,0.,0.099,0.111,0.,0.111
345,0.014,0.,0.014,0.12,0.,0.12,0.108,0.,0.108,0.105,0.,0.105
350,0.011,0.,0.011,0.122,0.,0.122,0.112,0.,0.112,0.11,0.,0.11
355,0.014,0.,0.014,0.126,0.,0.126,0.116,0.,0.116,0.111,0.,0.111
360,0.015,0.,0.015,0.135,0.,0.135,0.117,0.,0.117,0.12,0.,0.12
365,0.012,0.,0.012,0.133,0.,0.133,0.119,0.,0.119,0.121,0.,0.121
370,0.018,0.,0.018,0.138,0.,0.138,0.122,0.,0.122,0.119,0.,0.119
375,0.012,0.,0.012,0.139,0.,0.139,0.131,0.,0.131,0.126,0.,0.126
380,0.013,0.,0.013,0.141,0.,0.141,0.137,0.,0.137,0.128,0.,0.128
385,0.013,0.,0.013,0.155,0.,0.155,0.136,0.,0.136,0.142,0.,0.142
390,0.013,0.,0.013,0.156,0.,0.156,0.142,0.,0.142,0.143,0.,0.143
395,0.02,0.,0.02,0.164,0.,0.164,0.152,0.,0.152,0.143,0.,0.143
400,0.013,0.,0.013,0.165,0.,0.165,0.151,0.,0.151,0.151,0.,0.151
410,0.013,0.,0.013,0.17,0.,0.17,0.147,0.,0.147,0.156,0.,0.156
420,0.014,0.,0.014,0.172,0.,0.172,0.163,0.003,0.159,0.157,0.,0.157
430,0.021,0.,0.021,0.186,0.,0.186,0.162,0.,0.162,0.165,0.,0.165
440,0.017,0.,0.017,0.193,0.,0.193,0.184,0.,0.184,0.175,0.,0.175
450,0.015,0.,0.015,0.197,0.,0.197,0.18,0.,0.18,0.181,0.,0.181
460,0.022,0.,0.022,0.209,0.,0.209,0.188,0.,0.188,0.186,0.,0.186
470,0.016,0.,0.016,0.212,0.,0.212,0.196,0.,0.196,0.196,0.,0.196
480,0.019,0.,0.019,0.225,0.,0.225,0.214,0.,0.214,0.206,0.,0.206
490,0.024,0.,0.024,0.242,0.,0.242,0.232,0.,0.232,0.217,0.,0.217
500,0.016,0.,0.016,0.251,0.,0.251,0.238,0.,0.238,0.234,0.,0.234
550,0.019,0.,0.019,0.301,0.,0.301,0.273,0.,0.273,0.282,0.,0.282
600,0.023,0.,0.023,0.342,0.,0.342,0.321,0.,0.321,0.319,0.,0.318
650,0.027,0.,0.027,0.399,0.,0.399,0.375,0.,0.375,0.371,0.,0.371
700,0.027,0.,0.027,0.457,0.,0.457,0.436,0.,0.436,0.429,0.,0.429
750,0.028,0.,0.028,0.545,0.,0.545,0.524,0.,0.524,0.516,0.,0.516
800,0.031,0.,0.031,0.608,0.,0.608,0.563,0.,0.563,0.576,0.,0.576
850,0.032,0.,0.032,0.677,0.,0.677,0.638,0.,0.638,0.644,0.,0.644
900,0.032,0.,0.032,0.766,0.,0.766,0.749,0.,0.749,0.734,0.,0.734
950,0.032,0.,0.032,0.851,0.,0.851,0.804,0.,0.804,0.818,0.,0.818
1000,0.036,0.,0.036,0.945,0.,0.945,0.94,0.,0.94,0.909,0.,0.909
1100,0.039,0.,0.039,1.131,0.003,1.127,1.08,0.,1.08,1.092,0.003,1.088
1200,0.043,0.,0.043,1.316,0.,1.316,1.317,0.,1.317,1.273,0.,1.273
1300,0.045,0.,0.045,1.569,0.004,1.565,1.569,0.,1.569,1.523,0.003,1.519
1400,0.049,0.,0.049,1.809,0.007,1.8,1.736,0.,1.736,1.759,0.007,1.751
1500,0.056,0.,0.056,2.104,0.,2.104,2.004,0.,2.004,2.047,0.,2.047
1600,0.054,0.,0.054,2.348,0.,2.348,2.277,0.003,2.273,2.293,0.,2.293
1700,0.062,0.,0.062,2.62,0.,2.62,2.589,0.007,2.581,2.558,0.,2.558
1800,0.063,0.,0.063,2.883,0.016,2.867,2.914,0.,2.914,2.819,0.016,2.803
1900,0.066,0.,0.066,3.315,0.,3.315,3.22,0.023,3.196,3.249,0.,3.249