param-n build-real build-sys build-user build-and-typecheck-real build-and-typecheck-sys build-and-typecheck-user check-real check-sys check-user refine-real refine-sys refine-user type-real type-sys type-user
0 0. 0. 0. 0. 0. 0. 0. 0. 0. 0. 0. 0. 0. 0. 0.
100 0.002 0. 0.002 0.003 0. 0.003 0. 0. 0. 0. 0. 0. 0. 0. 0.
200 0.004 0. 0.004 0.007 0. 0.007 0.001 0. 0.001 0.001 0. 0.001 0.001 0. 0.001
300 0.005 0. 0.005 0.011 0. 0.011 0.002 0. 0.002 0.002 0. 0.002 0.002 0. 0.002
400 0.056 0. 0.056 0.065 0. 0.065 0.004 0. 0.004 0.004 0. 0.004 0.004 0. 0.004
500 0.009 0. 0.009 0.023 0. 0.023 0.006 0. 0.006 0.006 0. 0.006 0.006 0. 0.006
600 0.011 0. 0.011 0.03 0. 0.03 0.009 0. 0.009 0.009 0. 0.009 0.009 0. 0.009
700 0.014 0. 0.014 0.039 0. 0.039 0.012 0. 0.012 0.012 0. 0.012 0.012 0. 0.012
800 0.017 0. 0.017 0.048 0. 0.048 0.015 0. 0.015 0.015 0. 0.015 0.015 0. 0.015
900 0.019 0. 0.019 0.058 0. 0.058 0.019 0. 0.019 0.019 0. 0.019 0.019 0. 0.019
1000 0.019 0. 0.019 0.068 0. 0.068 0.024 0. 0.024 0.025 0.003 0.022 0.024 0. 0.024
1100 0.023 0. 0.023 0.081 0. 0.081 0.029 0. 0.029 0.029 0. 0.029 0.029 0. 0.028
1200 0.023 0. 0.023 0.093 0. 0.093 0.035 0. 0.035 0.033 0. 0.033 0.034 0. 0.034
1300 0.026 0. 0.026 0.108 0. 0.108 0.041 0. 0.041 0.041 0. 0.041 0.04 0. 0.04
1400 0.029 0. 0.029 0.128 0. 0.128 0.049 0. 0.049 0.049 0. 0.049 0.049 0. 0.049
1500 0.031 0. 0.031 0.148 0. 0.148 0.057 0. 0.057 0.058 0. 0.058 0.059 0. 0.059
1600 0.033 0. 0.033 0.168 0. 0.168 0.066 0. 0.066 0.067 0. 0.067 0.067 0. 0.067
1700 0.034 0. 0.034 0.191 0. 0.191 0.079 0. 0.079 0.078 0. 0.078 0.077 0. 0.077
1800 0.037 0. 0.037 0.201 0. 0.201 0.09 0. 0.09 0.09 0. 0.09 0.073 0. 0.073
1900 0.04 0. 0.04 0.247 0. 0.247 0.103 0. 0.103 0.103 0. 0.103 0.103 0. 0.103
2000 0.041 0. 0.041 0.28 0. 0.28 0.121 0. 0.121 0.118 0. 0.118 0.118 0. 0.118
2100 0.044 0. 0.044 0.309 0. 0.309 0.132 0. 0.132 0.133 0. 0.133 0.132 0. 0.132
2200 0.047 0. 0.047 0.346 0. 0.346 0.149 0. 0.149 0.155 0. 0.155 0.149 0. 0.149
2300 0.049 0. 0.049 0.382 0. 0.382 0.166 0. 0.166 0.105 0. 0.105 0.166 0. 0.166
2400 0.051 0. 0.051 0.424 0. 0.424 0.183 0. 0.183 0.184 0. 0.184 0.189 0. 0.189
2500 0.053 0. 0.053 0.367 0. 0.367 0.112 0. 0.112 0.202 0. 0.202 0.202 0. 0.202
2600 0.057 0. 0.057 0.506 0. 0.506 0.224 0. 0.224 0.224 0. 0.224 0.224 0. 0.224
2700 0.056 0. 0.056 0.549 0. 0.549 0.245 0. 0.245 0.244 0. 0.244 0.246 0. 0.246
2800 0.06 0.003 0.056 0.594 0.003 0.59 0.266 0. 0.266 0.27 0. 0.27 0.267 0. 0.267
2900 0.063 0. 0.063 0.644 0. 0.644 0.29 0. 0.29 0.295 0. 0.295 0.289 0. 0.289
3000 0.065 0. 0.065 0.691 0. 0.691 0.313 0. 0.313 0.312 0. 0.312 0.312 0. 0.312
3100 0.068 0. 0.068 0.746 0. 0.746 0.338 0. 0.338 0.338 0. 0.338 0.338 0. 0.338
3200 0.068 0. 0.068 0.798 0. 0.798 0.365 0. 0.365 0.367 0. 0.367 0.364 0. 0.364
3300 0.07 0. 0.07 0.855 0. 0.855 0.391 0. 0.391 0.392 0. 0.392 0.393 0. 0.393
3400 0.07 0. 0.07 0.914 0. 0.914 0.422 0. 0.422 0.371 0. 0.371 0.421 0. 0.421
3500 0.074 0.003 0.07 0.82 0.003 0.816 0.448 0. 0.448 0.447 0. 0.447 0.297 0. 0.297
3600 0.079 0. 0.079 1.036 0. 1.036 0.477 0. 0.477 0.481 0. 0.481 0.479 0. 0.479
3700 0.079 0. 0.079 1.103 0. 1.103 0.511 0. 0.511 0.277 0. 0.277 0.512 0. 0.512
3800 0.077 0. 0.077 1.159 0. 1.159 0.541 0. 0.541 0.543 0. 0.543 0.54 0. 0.54
3900 0.084 0. 0.084 1.236 0. 1.236 0.575 0. 0.575 0.419 0. 0.419 0.576 0. 0.576
4000 0.084 0. 0.084 1.31 0. 1.31 0.61 0. 0.61 0.609 0. 0.609 0.614 0. 0.614
4100 0.086 0. 0.086 1.382 0. 1.382 0.65 0. 0.65 0.645 0. 0.645 0.645 0. 0.645
4200 0.094 0. 0.094 1.469 0. 1.469 0.683 0. 0.683 0.683 0. 0.683 0.691 0. 0.691
4300 0.095 0. 0.095 1.163 0. 1.163 0.349 0. 0.349 0.718 0. 0.718 0.717 0. 0.717
4400 0.104 0. 0.104 1.532 0. 1.532 0.758 0. 0.758 0.757 0. 0.757 0.669 0. 0.669
4500 0.108 0. 0.108 1.405 0.004 1.401 0.795 0. 0.795 0.797 0. 0.797 0.501 0.004 0.497
4600 0.109 0. 0.109 1.506 0. 1.506 0.838 0. 0.838 0.836 0. 0.836 0.558 0. 0.558
4700 0.109 0. 0.109 1.866 0.004 1.862 0.879 0.003 0.875 0.875 0. 0.875 0.877 0. 0.877
4800 0.105 0. 0.105 1.529 0. 1.529 0.504 0. 0.504 0.919 0. 0.919 0.918 0. 0.918
4900 0.11 0. 0.11 2.035 0. 2.035 0.963 0. 0.963 0.962 0. 0.962 0.961 0. 0.961
5000 0.106 0.003 0.102 2.119 0.003 2.115 1.006 0. 1.006 0.534 0. 0.534 1.005 0. 1.005
5100 0.112 0. 0.112 2.008 0.004 2.004 1.052 0. 1.052 1.052 0. 1.052 0.843 0.003 0.839
5200 0.115 0.003 0.111 2.314 0.003 2.31 1.098 0. 1.098 1.101 0. 1.101 1.1 0. 1.1
5300 0.116 0. 0.116 1.769 0. 1.769 1.148 0. 1.147 1.145 0. 1.145 0.505 0. 0.505
5400 0.117 0. 0.117 2.508 0. 2.508 1.195 0. 1.195 1.192 0. 1.192 1.195 0. 1.194
5500 0.12 0. 0.12 2.383 0. 2.383 1.243 0. 1.243 1.24 0. 1.24 1.02 0. 1.02
5600 0.12 0. 0.12 2.708 0. 2.708 1.294 0. 1.294 0.859 0. 0.859 1.293 0. 1.293
5700 0.126 0. 0.126 2.141 0. 2.141 1.35 0. 1.35 1.344 0. 1.344 0.664 0. 0.664
5800 0.134 0. 0.134 2.943 0. 2.943 1.412 0. 1.412 1.127 0. 1.127 1.396 0. 1.396
5900 0.131 0. 0.131 3.036 0. 3.028 1.464 0. 1.456 0.641 0. 0.641 1.44 0. 1.44
6000 0.129 0. 0.128 2.912 0.012 2.898 1.516 0. 1.515 1.519 0. 1.519 1.266 0.011 1.254
6100 0.135 0. 0.135 3.03 0. 3.03 1.573 0. 1.573 1.575 0. 1.575 1.321 0. 1.321
6200 0.137 0. 0.137 3.386 0. 3.385 1.622 0. 1.622 1.625 0. 1.625 1.625 0. 1.625
6300 0.14 0.003 0.136 2.554 0.007 2.546 0.729 0. 0.729 1.682 0. 1.682 1.683 0.003 1.679
6400 0.145 0. 0.145 3.545 0.004 3.54 1.654 0.003 1.65 1.745 0. 1.744 1.745 0. 1.745
6500 0.15 0. 0.15 2.676 0. 2.676 0.721 0. 0.721 1.803 0. 1.803 1.804 0. 1.804
6600 0.178 0.003 0.174 3.913 0.004 3.909 1.861 0. 1.861 0.741 0. 0.741 1.872 0. 1.872
6700 0.158 0. 0.158 2.905 0. 2.905 1.934 0. 1.934 1.927 0.003 1.923 0.811 0. 0.811
6800 0.157 0. 0.157 3.332 0.003 3.327 1.18 0. 1.18 1.986 0. 1.986 1.993 0.003 1.989
6900 0.164 0. 0.164 3.042 0. 3.042 2.054 0. 2.054 2.053 0. 2.049 0.824 0. 0.824
7000 0.155 0. 0.155 4.13 0. 4.13 1.859 0. 1.859 0.827 0. 0.827 2.114 0. 2.114
7100 0.158 0. 0.158 4.39 0.003 4.386 2.182 0. 2.182 2.186 0. 2.186 2.049 0.003 2.045
7200 0.165 0. 0.165 3.287 0. 3.287 2.249 0. 2.249 2.251 0.003 2.247 0.872 0. 0.872
7300 0.166 0. 0.166 4.801 0.004 4.797 2.318 0. 2.318 1.308 0. 1.308 2.317 0.003 2.313
7400 0.164 0. 0.164 4.405 0.004 4.401 1.851 0.003 1.847 0.928 0.003 0.924 2.389 0. 2.389
7500 0.168 0. 0.168 3.919 0.003 3.915 1.296 0. 1.296 2.362 0. 2.362 2.454 0.003 2.45
7600 0.171 0. 0.171 3.912 0. 3.912 1.212 0. 1.212 2.522 0.004 2.518 2.528 0. 2.528
7700 0.175 0. 0.175 3.852 0. 3.852 2.611 0. 2.611 2.608 0. 2.608 1.065 0. 1.065
7800 0.198 0.003 0.195 4.427 0.003 4.423 2.682 0. 2.682 2.667 0. 2.667 1.545 0. 1.545
7900 0.203 0.003 0.199 5.285 0.004 5.281 2.34 0. 2.34 2.739 0.004 2.735 2.741 0. 2.741
8000 0.185 0.004 0.181 4.603 0.004 4.599 1.596 0. 1.596 1.08 0. 1.08 2.82 0. 2.82
8100 0.186 0. 0.186 6.006 0.003 6.002 2.916 0. 2.916 2.866 0. 2.866 2.903 0.003 2.899
8200 0.184 0. 0.184 5.593 0.003 5.589 2.979 0. 2.978 2.993 0. 2.993 2.429 0.003 2.425
8300 0.187 0. 0.187 5.731 0. 5.731 2.498 0. 2.498 1.548 0.003 1.544 3.045 0. 3.045
8400 0.184 0. 0.184 5.32 0. 5.32 3.117 0. 3.117 3.118 0. 3.118 2.018 0. 2.018
8500 0.187 0. 0.187 6.546 0.003 6.541 3.163 0.003 3.159 2.176 0. 2.176 3.194 0. 3.194
8600 0.193 0. 0.193 4.768 0.004 4.763 1.305 0. 1.305 3.283 0.003 3.279 3.269 0.004 3.265
8700 0.19 0. 0.19 5.102 0.004 5.098 3.36 0. 3.36 1.395 0. 1.395 1.55 0.003 1.546
8800 0.222 0. 0.222 6.416 0.003 6.412 2.755 0.003 2.751 3.443 0. 3.443 3.438 0. 3.438
8900 0.203 0. 0.203 5.978 0.004 5.974 3.539 0. 3.539 3.528 0.004 3.524 2.235 0.004 2.231
9000 0.202 0. 0.202 5.457 0.003 5.453 3.616 0.003 3.612 3.607 0. 3.607 1.638 0. 1.638
9100 0.201 0. 0.201 5.432 0. 5.432 3.702 0. 3.702 3.702 0. 3.702 1.528 0. 1.528
9200 0.203 0. 0.203 5.664 0.007 5.656 3.792 0. 3.792 3.783 0. 3.783 1.669 0.007 1.661
9300 0.204 0. 0.204 6.338 0. 6.338 3.881 0. 3.881 3.871 0.003 3.867 2.251 0. 2.251
9400 0.204 0. 0.204 8.037 0.004 8.033 3.976 0. 3.976 3.974 0. 3.973 3.857 0.004 3.853
9500 0.209 0. 0.209 5.964 0.007 5.956 1.699 0.003 1.695 1.687 0. 1.687 4.055 0.003 4.051
9600 0.213 0. 0.213 8.466 0.008 8.458 4.108 0. 4.108 4.159 0. 4.158 4.144 0.007 4.135
9700 0.242 0. 0.241 7.141 0. 7.141 2.609 0. 2.608 2.772 0. 2.772 4.29 0. 4.29
9800 0.242 0. 0.242 6.74 0. 6.74 4.357 0. 4.356 4.356 0. 4.356 2.141 0. 2.141
9900 0.224 0. 0.223 6.675 0.008 6.665 2.007 0.003 2.003 2.229 0.004 2.224 4.443 0.003 4.439
10000 0.227 0.003 0.223 7.278 0.024 7.25 4.541 0.012 4.528 4.544 0.004 4.54 2.509 0.008 2.497
10100 0.22 0. 0.22 8.241 0.004 8.235 3.372 0. 3.372 4.053 0. 4.052 4.648 0.004 4.643
10200 0.224 0. 0.224 6.694 0.004 6.684 1.735 0.004 1.726 1.798 0.003 1.793 4.734 0. 4.733
10300 0.235 0. 0.235 8.18 0.008 8.172 4.844 0.004 4.84 4.924 0.004 4.92 3.1 0.004 3.096
10400 0.235 0. 0.234 7.168 0.003 7.16 4.981 0.003 4.973 4.95 0.012 4.937 1.952 0. 1.951
10500 0.231 0. 0.231 9.467 0.008 9.458 4.122 0.004 4.118 1.85 0. 1.849 5.113 0.003 5.108
10600 0.263 0. 0.263 10.425 0.007 10.415 5.186 0.004 5.181 1.866 0. 1.866 4.975 0.003 4.969
10700 0.246 0. 0.246 10.759 0. 10.758 5.293 0. 5.292 1.905 0. 1.905 5.22 0. 5.219
10800 0.241 0. 0.241 9.229 0. 9.227 3.474 0. 3.473 2.06 0. 2.06 5.512 0. 5.512
10900 0.241 0. 0.241 8.071 0.003 8.066 2.11 0. 2.109 2.912 0. 2.911 5.719 0.003 5.715
11000 0.24 0. 0.24 9.414 0.004 9.41 3.521 0.004 3.517 5.518 0.004 5.509 5.652 0. 5.652
11100 0.248 0. 0.248 8.427 0.007 8.417 5.754 0.007 5.745 5.869 0. 5.867 2.423 0. 2.423
11200 0.252 0. 0.252 11.806 0.008 11.795 5.696 0.007 5.688 2.182 0. 2.182 5.857 0. 5.854
11300 0.285 0. 0.285 11.372 0.016 11.296 6.211 0.004 6.148 2.118 0.003 2.114 4.874 0.012 4.862
11400 0.263 0. 0.262 9.745 0.003 9.737 3.436 0. 3.435 6.07 0.007 6.059 6.044 0.003 6.039
11500 0.272 0.004 0.264 11.655 0.004 11.637 6.268 0. 6.26 2.313 0. 2.313 5.114 0. 5.113
11600 0.251 0. 0.25 7.538 0.008 7.526 5.053 0.004 5.048 6.289 0.012 6.277 2.234 0.003 2.227
11700 0.264 0. 0.264 9.22 0.007 9.183 2.367 0.003 2.346 3.783 0. 3.781 6.587 0.003 6.572
11800 0.263 0. 0.263 12.206 0.02 12.179 6.562 0.007 6.552 2.342 0. 2.338 5.379 0.012 5.363
11900 0.285 0. 0.284 10.444 0.004 10.433 7.01 0.003 7. 7.078 0. 7.075 3.149 0. 3.148