param-n build-real build-sys build-user build-and-typecheck-real build-and-typecheck-sys build-and-typecheck-user check-real check-sys check-user refine-real refine-sys refine-user type-real type-sys type-user
0 0. 0. 0. 0. 0. 0. 0. 0. 0. 0. 0. 0. 0. 0. 0.
100 0.002 0. 0.002 0.004 0. 0.004 0.001 0. 0.001 0.001 0. 0.001 0.001 0. 0.001
200 0.004 0. 0.004 0.012 0. 0.012 0.004 0. 0.004 0.004 0. 0.004 0.004 0. 0.004
300 0.006 0. 0.006 0.024 0. 0.024 0.008 0. 0.008 0.008 0. 0.008 0.008 0. 0.008
400 0.057 0. 0.057 0.087 0. 0.087 0.015 0. 0.015 0.015 0. 0.015 0.015 0. 0.015
500 0.01 0. 0.01 0.058 0. 0.058 0.023 0. 0.023 0.023 0. 0.023 0.024 0. 0.024
600 0.012 0. 0.012 0.083 0. 0.083 0.036 0. 0.036 0.035 0. 0.035 0.034 0. 0.034
700 0.014 0. 0.014 0.115 0. 0.115 0.051 0. 0.05 0.05 0. 0.05 0.049 0. 0.049
800 0.017 0. 0.017 0.155 0.003 0.151 0.069 0. 0.069 0.069 0. 0.069 0.068 0.003 0.064
900 0.019 0. 0.019 0.204 0. 0.204 0.092 0. 0.092 0.099 0. 0.092 0.092 0. 0.092
1000 0.023 0. 0.023 0.259 0. 0.259 0.117 0. 0.117 0.119 0. 0.119 0.119 0. 0.119
1100 0.023 0. 0.023 0.325 0. 0.325 0.15 0. 0.15 0.151 0. 0.151 0.151 0. 0.151
1200 0.027 0. 0.027 0.397 0. 0.397 0.183 0. 0.183 0.187 0. 0.187 0.186 0. 0.186
1300 0.029 0. 0.029 0.478 0. 0.478 0.226 0. 0.226 0.222 0. 0.222 0.221 0. 0.221
1400 0.031 0. 0.031 0.564 0. 0.564 0.268 0. 0.268 0.268 0. 0.268 0.264 0. 0.264
1500 0.033 0. 0.033 0.656 0. 0.656 0.312 0. 0.312 0.311 0. 0.311 0.309 0. 0.309
1600 0.035 0. 0.035 0.759 0. 0.759 0.365 0. 0.365 0.358 0. 0.358 0.358 0. 0.358
1700 0.038 0. 0.038 0.865 0. 0.865 0.415 0. 0.415 0.41 0. 0.41 0.411 0. 0.411
1800 0.038 0. 0.038 0.786 0. 0.786 0.283 0. 0.283 0.464 0. 0.464 0.465 0. 0.465
1900 0.043 0.003 0.039 1.098 0.003 1.095 0.528 0. 0.528 0.528 0. 0.528 0.526 0. 0.526
2000 0.046 0. 0.046 1.221 0. 1.221 0.584 0. 0.584 0.439 0. 0.439 0.591 0. 0.591
2100 0.049 0. 0.049 1.353 0.003 1.349 0.655 0. 0.655 0.656 0. 0.656 0.648 0.003 0.644
2200 0.05 0. 0.05 1.206 0. 1.206 0.726 0. 0.726 0.717 0. 0.717 0.429 0. 0.429
2300 0.053 0. 0.053 1.652 0. 1.652 0.802 0. 0.802 0.799 0. 0.799 0.796 0. 0.796
2400 0.058 0. 0.058 1.794 0. 1.794 0.863 0. 0.863 0.875 0. 0.874 0.871 0. 0.871
2500 0.056 0. 0.056 1.55 0. 1.55 0.556 0. 0.556 0.94 0. 0.94 0.937 0. 0.937
2600 0.058 0. 0.058 1.722 0.003 1.719 1.019 0. 1.019 1.026 0. 1.026 0.644 0.003 0.64
2700 0.064 0. 0.064 2.201 0. 2.201 1.109 0. 1.109 1.1 0. 1.1 1.027 0. 1.027
2800 0.068 0. 0.068 2.199 0. 2.199 1.186 0. 1.186 1.196 0. 1.196 0.944 0. 0.944
2900 0.065 0. 0.065 2.266 0. 2.266 1.291 0. 1.291 1.273 0. 1.273 0.909 0. 0.909
3000 0.068 0. 0.068 2.258 0. 2.258 0.823 0. 0.823 1.365 0. 1.365 1.365 0. 1.365
3100 0.075 0. 0.075 3.011 0. 3.011 1.462 0. 1.462 1.474 0. 1.474 1.473 0. 1.473
3200 0.074 0. 0.074 3.207 0. 3.206 1.56 0. 1.56 1.571 0. 1.571 1.572 0. 1.571
3300 0.076 0. 0.076 3.215 0. 3.215 1.675 0. 1.675 1.675 0. 1.675 1.462 0. 1.462
3400 0.082 0. 0.082 3.634 0. 3.634 1.783 0. 1.782 1.763 0.003 1.759 1.768 0. 1.768
3500 0.081 0. 0.081 3.266 0. 3.266 1.887 0. 1.887 1.886 0. 1.886 1.297 0. 1.297
3600 0.086 0. 0.086 4.071 0. 4.071 1.995 0. 1.995 1.98 0. 1.979 1.989 0. 1.989
3700 0.085 0. 0.085 3.598 0. 3.598 1.408 0. 1.408 2.105 0. 2.105 2.103 0. 2.103
3800 0.092 0. 0.092 4.544 0.004 4.54 2.23 0.003 2.226 2.221 0. 2.221 2.222 0. 2.221
3900 0.097 0. 0.097 4.099 0.003 4.095 1.666 0. 1.666 2.352 0. 2.352 2.335 0.003 2.331
4000 0.1 0. 0.1 4.956 0. 4.956 2.402 0. 2.402 2.465 0. 2.465 2.453 0. 2.453
4100 0.106 0. 0.106 5.269 0. 5.262 2.629 0. 2.625 2.589 0. 2.589 2.533 0. 2.53
4200 0.113 0.003 0.109 5.614 0.003 5.606 2.741 0. 2.74 2.747 0. 2.747 2.76 0. 2.756
4300 0.113 0. 0.113 5.011 0. 5.011 2.048 0. 2.048 2.855 0. 2.855 2.849 0. 2.849
4400 0.103 0. 0.103 5.618 0. 5.618 2.504 0. 2.504 2.991 0. 2.991 3.01 0. 3.01
4500 0.109 0. 0.109 6.423 0. 6.422 3.13 0. 3.13 2.46 0. 2.46 3.182 0. 3.182
4600 0.108 0.007 0.1 5.913 0.007 5.905 3.292 0. 3.292 3.31 0. 3.31 2.512 0. 2.512
4700 0.112 0. 0.112 5.677 0. 5.677 2.076 0. 2.076 3.476 0. 3.476 3.487 0. 3.487
4800 0.116 0. 0.116 7.288 0. 7.288 3.584 0. 3.584 2.719 0. 2.719 3.587 0. 3.587
4900 0.119 0. 0.119 6.106 0. 6.106 2.229 0. 2.229 3.787 0. 3.787 3.757 0. 3.757
5000 0.119 0. 0.119 8.038 0. 8.038 3.99 0. 3.99 3.955 0. 3.955 3.928 0. 3.928
5100 0.12 0. 0.12 8.416 0. 8.415 4.131 0. 4.131 4.095 0. 4.095 4.163 0. 4.163
5200 0.126 0. 0.126 7.566 0. 7.566 3.199 0. 3.199 4.279 0. 4.279 4.24 0. 4.24
5300 0.122 0. 0.122 8.919 0. 8.919 4.449 0. 4.449 2.845 0. 2.845 4.347 0. 4.347
5400 0.144 0. 0.144 8.233 0. 8.233 3.537 0. 3.537 4.564 0. 4.564 4.551 0. 4.551
5500 0.142 0. 0.142 8.023 0. 8.023 3.144 0. 3.144 4.69 0. 4.69 4.736 0. 4.736
5600 0.142 0. 0.142 8.703 0. 8.703 3.688 0. 3.688 4.89 0. 4.89 4.872 0. 4.872
5700 0.134 0. 0.134 9.891 0.003 9.887 4.634 0.003 4.63 3.722 0. 3.722 5.122 0. 5.122
5800 0.143 0. 0.143 10.69 0. 10.689 5.235 0. 5.235 3.952 0. 3.952 5.311 0. 5.31
5900 0.144 0. 0.144 8.813 0. 8.813 5.491 0. 5.491 5.512 0. 5.512 3.176 0. 3.176
6000 0.15 0. 0.149 10.199 0. 10.198 4.426 0. 4.426 3.82 0. 3.82 5.622 0. 5.622
6100 0.157 0. 0.157 10.262 0. 10.262 5.722 0. 5.722 5.772 0.003 5.768 4.381 0. 4.381
6200 0.15 0.004 0.146 9.546 0.004 9.542 3.494 0. 3.494 5.984 0.003 5.979 5.901 0. 5.901
6300 0.149 0. 0.149 11.258 0.003 11.255 6.187 0. 6.187 6.1 0. 6.1 4.922 0.003 4.918
6400 0.147 0. 0.147 10.969 0.003 10.965 4.365 0. 4.365 4.196 0.008 4.187 6.455 0.003 6.451
6500 0.154 0. 0.154 12.594 0.011 12.582 6.609 0.008 6.601 6.74 0.004 6.736 5.83 0.003 5.826
6600 0.173 0. 0.173 11.02 0. 11.02 3.997 0. 3.997 6.658 0.003 6.654 6.848 0. 6.848
6700 0.171 0. 0.171 14.011 0.007 14.003 6.923 0.003 6.919 6.882 0.004 6.878 6.916 0.004 6.912
6800 0.165 0. 0.165 12.601 0. 12.601 7.051 0. 7.051 7. 0.003 6.997 5.383 0. 5.383
6900 0.161 0. 0.161 12.434 0.004 12.43 7.192 0. 7.192 7.257 0.003 7.253 5.08 0.004 5.076
7000 0.161 0. 0.161 13.236 0.004 13.232 7.473 0.004 7.469 7.468 0.007 7.46 5.602 0. 5.602
7100 0.163 0. 0.163 15.33 0.004 15.326 7.693 0. 7.693 7.678 0.003 7.674 7.472 0.004 7.468
7200 0.175 0. 0.175 14.065 0. 14.065 7.919 0. 7.919 7.913 0. 7.913 5.97 0. 5.97
7300 0.181 0. 0.181 14.785 0.008 14.777 8.133 0.008 8.125 8.141 0. 8.141 6.47 0. 6.47
7400 0.181 0. 0.181 13.516 0.003 13.512 4.992 0. 4.992 4.973 0. 4.973 8.343 0.003 8.339