param-n constr-final-goal-make-final-goal-real constr-final-goal-make-final-goal-sys constr-final-goal-make-final-goal-user eta-cast-pf-real eta-cast-pf-sys eta-cast-pf-user eta-constr-pf-real eta-constr-pf-sys eta-constr-pf-user eta-make-let-ins-real eta-make-let-ins-sys eta-make-let-ins-user eta-make-pf-real eta-make-pf-sys eta-make-pf-user eta-refine-real eta-refine-sys eta-refine-user eta-refine-and-close-real eta-refine-and-close-sys eta-refine-and-close-user everything-real everything-sys everything-user make-Build-T-real make-Build-T-sys make-Build-T-user make-T-real make-T-sys make-T-user make-T-eta-real make-T-eta-sys make-T-eta-user make-T-projs-real make-T-projs-sys make-T-projs-user make-T-rect-real make-T-rect-sys make-T-rect-user make-Ts-real make-Ts-sys make-Ts-user make-f-ty-real make-f-ty-sys make-f-ty-user making-real making-sys making-user
0 0. 0. 0. 0. 0. 0. 0. 0. 0. 0.002 0.002 0. 0. 0. 0. 0. 0. 0. 0. 0. 0. 0.012 0.007 0.005 0. 0. 0. 0. 0. 0. 0.005 0.004 0. 0. 0. 0. 0.002 0.002 0. 0.002 0. 0.002 0. 0. 0. 0.011 0.006 0.005
1 0. 0. 0. 0. 0. 0. 0. 0. 0. 0.003 0. 0.003 0.001 0. 0.001 0. 0. 0. 0. 0. 0. 0.02 0.008 0.011 0. 0. 0. 0. 0. 0. 0.007 0. 0.007 0.001 0. 0.001 0.002 0.002 0. 0.005 0.003 0.001 0. 0. 0. 0.019 0.007 0.011
2 0. 0. 0. 0. 0. 0. 0. 0. 0. 0.005 0.004 0. 0.001 0.001 0. 0. 0. 0. 0. 0. 0. 0.027 0.019 0.007 0.001 0. 0.001 0. 0. 0. 0.01 0.008 0.002 0.002 0.002 0. 0.002 0.002 0. 0.008 0.004 0.004 0.001 0.001 0. 0.026 0.018 0.007
3 0. 0. 0. 0. 0. 0. 0. 0. 0. 0.062 0.011 0.051 0.001 0. 0. 0. 0. 0. 0. 0. 0. 0.087 0.016 0.071 0.001 0. 0.001 0. 0. 0. 0.066 0.011 0.054 0.003 0. 0.003 0.002 0. 0.002 0.012 0.004 0.008 0. 0. 0. 0.087 0.016 0.07
4 0. 0. 0. 0. 0. 0. 0. 0. 0. 0.005 0. 0.005 0.001 0. 0.001 0. 0. 0. 0. 0. 0. 0.029 0. 0.029 0.001 0. 0.001 0. 0. 0. 0.01 0. 0.01 0.003 0. 0.003 0.002 0. 0.002 0.01 0. 0.01 0.001 0. 0.001 0.028 0. 0.028
5 0. 0. 0. 0. 0. 0. 0. 0. 0. 0.006 0. 0.006 0.001 0. 0.001 0. 0. 0. 0. 0. 0. 0.038 0. 0.038 0.001 0. 0.001 0. 0. 0. 0.011 0. 0.011 0.004 0. 0.004 0.002 0. 0.002 0.013 0. 0.013 0.001 0. 0.001 0.034 0. 0.033
6 0. 0. 0. 0. 0. 0. 0. 0. 0. 0.007 0. 0.007 0.002 0. 0.002 0. 0. 0. 0. 0. 0. 0.04 0. 0.04 0.001 0. 0.001 0. 0. 0. 0.013 0. 0.013 0.005 0. 0.005 0.003 0. 0.003 0.016 0. 0.015 0.001 0. 0.001 0.039 0. 0.039
7 0. 0. 0. 0. 0. 0. 0. 0. 0. 0.013 0. 0.013 0.002 0. 0.002 0. 0. 0. 0. 0. 0. 0.049 0. 0.049 0.001 0. 0.001 0. 0. 0. 0.019 0. 0.019 0.005 0. 0.005 0.003 0. 0.003 0.018 0. 0.018 0.001 0. 0.001 0.048 0. 0.048
8 0. 0. 0. 0. 0. 0. 0. 0. 0. 0.008 0. 0.008 0.002 0. 0.002 0. 0. 0. 0. 0. 0. 0.047 0. 0.047 0.001 0. 0.001 0. 0. 0. 0.015 0. 0.015 0.006 0. 0.006 0.003 0. 0.003 0.019 0. 0.019 0.001 0. 0.001 0.046 0. 0.046
9 0. 0. 0. 0. 0. 0. 0. 0. 0. 0.009 0. 0.009 0.002 0. 0.002 0. 0. 0. 0. 0. 0. 0.056 0. 0.055 0.001 0. 0.001 0. 0. 0. 0.016 0. 0.016 0.007 0. 0.007 0.003 0. 0.003 0.025 0. 0.025 0.001 0. 0.001 0.054 0. 0.054
10 0. 0. 0. 0. 0. 0. 0. 0. 0. 0.01 0. 0.01 0.003 0. 0.003 0. 0. 0. 0. 0. 0. 0.064 0. 0.064 0.001 0. 0.001 0. 0. 0. 0.018 0. 0.018 0.008 0. 0.008 0.003 0. 0.003 0.024 0. 0.024 0.001 0. 0.001 0.063 0. 0.063
11 0. 0. 0. 0. 0. 0. 0. 0. 0. 0.012 0. 0.012 0.003 0. 0.003 0. 0. 0. 0. 0. 0. 0.069 0.003 0.065 0.001 0. 0.001 0. 0. 0. 0.02 0. 0.02 0.014 0.003 0.01 0.003 0. 0.003 0.027 0. 0.027 0.002 0. 0.002 0.068 0.003 0.064
12 0. 0. 0. 0. 0. 0. 0. 0. 0. 0.013 0. 0.013 0.004 0. 0.003 0. 0. 0. 0. 0. 0. 0.078 0. 0.078 0.001 0. 0.001 0. 0. 0. 0.023 0. 0.022 0.015 0. 0.015 0.004 0. 0.004 0.031 0. 0.031 0.002 0. 0.002 0.076 0. 0.076
13 0. 0. 0. 0. 0. 0. 0. 0. 0. 0.014 0. 0.014 0.004 0. 0.004 0. 0. 0. 0. 0. 0. 0.083 0. 0.082 0.001 0. 0.001 0. 0. 0. 0.024 0. 0.023 0.015 0. 0.015 0.004 0. 0.004 0.035 0. 0.034 0.002 0. 0.002 0.081 0. 0.081
14 0. 0. 0. 0. 0. 0. 0. 0. 0. 0.015 0. 0.015 0.004 0. 0.004 0. 0. 0. 0. 0. 0. 0.092 0. 0.092 0.002 0. 0.002 0. 0. 0. 0.026 0. 0.026 0.012 0. 0.012 0.004 0. 0.004 0.044 0. 0.044 0.002 0. 0.002 0.091 0. 0.09
15 0. 0. 0. 0. 0. 0. 0.001 0. 0.001 0.017 0. 0.017 0.004 0. 0.004 0. 0. 0. 0. 0. 0. 0.1 0. 0.1 0.002 0. 0.002 0. 0. 0. 0.032 0. 0.032 0.013 0. 0.013 0.005 0. 0.005 0.045 0. 0.044 0.003 0. 0.003 0.099 0. 0.098
16 0. 0. 0. 0. 0. 0. 0.001 0. 0.001 0.024 0. 0.024 0.005 0. 0.005 0. 0. 0. 0. 0. 0. 0.107 0. 0.106 0.002 0. 0.002 0. 0. 0. 0.036 0. 0.036 0.014 0. 0.014 0.005 0. 0.005 0.046 0. 0.045 0.003 0. 0.003 0.105 0. 0.105
17 0. 0. 0. 0.001 0. 0.001 0.001 0. 0.001 0.02 0. 0.02 0.005 0. 0.005 0. 0. 0. 0. 0. 0. 0.123 0.003 0.119 0.002 0. 0.002 0. 0. 0. 0.033 0. 0.032 0.016 0. 0.016 0.005 0. 0.005 0.057 0. 0.057 0.003 0. 0.003 0.115 0. 0.115
18 0. 0. 0. 0.001 0. 0.001 0.001 0. 0.001 0.029 0.002 0.026 0.005 0. 0.005 0. 0. 0. 0. 0. 0. 0.127 0.003 0.122 0.002 0. 0.002 0. 0. 0. 0.043 0.003 0.039 0.017 0. 0.017 0.005 0. 0.005 0.054 0. 0.054 0.003 0. 0.003 0.124 0.003 0.12
19 0. 0. 0. 0.001 0. 0.001 0.001 0. 0.001 0.023 0. 0.023 0.011 0. 0.011 0. 0. 0. 0. 0. 0. 0.14 0. 0.139 0.003 0. 0.003 0. 0. 0. 0.042 0. 0.042 0.02 0. 0.019 0.006 0. 0.006 0.065 0. 0.065 0.003 0. 0.003 0.138 0. 0.137
20 0. 0. 0. 0.001 0. 0.001 0.001 0. 0.001 0.024 0. 0.024 0.006 0. 0.006 0. 0. 0. 0. 0. 0. 0.149 0. 0.148 0.002 0. 0.002 0. 0. 0. 0.039 0. 0.039 0.02 0. 0.02 0.012 0. 0.012 0.071 0. 0.071 0.009 0. 0.009 0.147 0. 0.146
21 0. 0. 0. 0.001 0. 0.001 0.001 0. 0.001 0.026 0. 0.026 0.007 0. 0.007 0. 0. 0. 0. 0. 0. 0.162 0.003 0.157 0.003 0. 0.003 0. 0. 0. 0.043 0. 0.042 0.028 0.003 0.024 0.006 0. 0.006 0.071 0. 0.071 0.004 0. 0.004 0.153 0.003 0.148
22 0. 0. 0. 0.001 0. 0.001 0.001 0. 0.001 0.027 0. 0.027 0.006 0. 0.006 0. 0. 0. 0. 0. 0. 0.169 0. 0.169 0.003 0. 0.003 0. 0. 0. 0.043 0. 0.043 0.03 0. 0.03 0.006 0. 0.006 0.076 0. 0.076 0.004 0. 0.004 0.161 0. 0.16
23 0. 0. 0. 0.001 0. 0.001 0.001 0. 0.001 0.029 0. 0.029 0.007 0. 0.007 0. 0. 0. 0. 0. 0. 0.184 0. 0.184 0.003 0. 0.003 0. 0. 0. 0.047 0. 0.047 0.031 0. 0.031 0.014 0. 0.013 0.084 0. 0.084 0.011 0. 0.011 0.182 0. 0.181
24 0. 0. 0. 0.002 0. 0.002 0.001 0. 0.001 0.031 0. 0.031 0.015 0. 0.015 0. 0. 0. 0. 0. 0. 0.195 0. 0.195 0.003 0. 0.003 0. 0. 0. 0.057 0. 0.057 0.027 0. 0.027 0.007 0. 0.007 0.096 0. 0.096 0.004 0. 0.004 0.193 0. 0.193
25 0. 0. 0. 0.002 0. 0.002 0.001 0. 0.001 0.039 0. 0.039 0.007 0. 0.007 0. 0. 0. 0. 0. 0. 0.203 0. 0.203 0.003 0. 0.003 0. 0. 0. 0.058 0. 0.058 0.03 0. 0.029 0.007 0. 0.007 0.099 0. 0.099 0.005 0. 0.005 0.201 0. 0.2
26 0. 0. 0. 0.011 0. 0.011 0.001 0. 0.001 0.036 0. 0.036 0.008 0. 0.008 0. 0. 0. 0. 0. 0. 0.223 0. 0.223 0.004 0. 0.004 0. 0. 0. 0.064 0. 0.064 0.037 0. 0.037 0.007 0. 0.007 0.105 0. 0.105 0.005 0. 0.005 0.221 0. 0.221
27 0. 0. 0. 0.002 0. 0.002 0.001 0. 0.001 0.046 0. 0.046 0.008 0. 0.008 0. 0. 0. 0. 0. 0. 0.241 0. 0.24 0.004 0. 0.004 0. 0. 0. 0.066 0. 0.066 0.035 0. 0.035 0.008 0. 0.008 0.122 0. 0.122 0.005 0. 0.005 0.238 0. 0.238
28 0. 0. 0. 0.003 0. 0.003 0.001 0. 0.001 0.046 0. 0.046 0.009 0. 0.009 0. 0. 0. 0. 0. 0. 0.25 0. 0.249 0.004 0. 0.004 0. 0. 0. 0.07 0. 0.07 0.037 0. 0.037 0.008 0. 0.008 0.125 0. 0.125 0.005 0. 0.005 0.247 0. 0.247
29 0. 0. 0. 0.003 0. 0.003 0.001 0. 0.001 0.042 0. 0.042 0.018 0. 0.018 0. 0. 0. 0. 0. 0. 0.265 0. 0.264 0.006 0. 0.006 0. 0. 0. 0.074 0. 0.073 0.045 0. 0.044 0.008 0. 0.008 0.127 0. 0.127 0.005 0. 0.005 0.262 0. 0.262
30 0. 0. 0. 0.003 0. 0.003 0.001 0. 0.001 0.044 0. 0.044 0.011 0. 0.011 0. 0. 0. 0. 0. 0. 0.276 0. 0.276 0.004 0. 0.004 0. 0. 0. 0.07 0. 0.07 0.05 0. 0.05 0.009 0. 0.009 0.138 0. 0.137 0.006 0. 0.006 0.273 0. 0.273
31 0. 0. 0. 0.003 0. 0.003 0.001 0. 0.001 0.056 0. 0.056 0.009 0. 0.009 0. 0. 0. 0. 0. 0. 0.29 0.003 0.286 0.005 0. 0.005 0. 0. 0. 0.079 0. 0.079 0.047 0. 0.047 0.009 0.003 0.006 0.145 0. 0.145 0.006 0. 0.006 0.287 0.003 0.284
32 0. 0. 0. 0.003 0. 0.003 0.002 0. 0.002 0.052 0.003 0.049 0.01 0. 0.01 0. 0. 0. 0. 0. 0. 0.313 0.012 0.3 0.005 0. 0.005 0. 0. 0. 0.078 0.003 0.074 0.048 0. 0.048 0.015 0.003 0.011 0.161 0.004 0.157 0.006 0. 0.006 0.31 0.011 0.298
33 0. 0. 0. 0.004 0. 0.004 0.002 0. 0.002 0.052 0. 0.052 0.013 0. 0.013 0. 0. 0. 0. 0. 0. 0.33 0. 0.33 0.005 0. 0.005 0. 0. 0. 0.081 0. 0.081 0.062 0. 0.062 0.01 0. 0.01 0.167 0. 0.167 0.006 0. 0.006 0.328 0. 0.327
34 0. 0. 0. 0.004 0. 0.004 0.002 0. 0.002 0.063 0. 0.063 0.01 0. 0.01 0. 0. 0. 0. 0. 0. 0.354 0. 0.354 0.005 0. 0.005 0. 0. 0. 0.094 0. 0.094 0.058 0. 0.058 0.01 0. 0.01 0.182 0. 0.181 0.006 0. 0.006 0.351 0. 0.351
35 0. 0. 0. 0.004 0. 0.004 0.002 0. 0.002 0.069 0. 0.069 0.01 0. 0.01 0. 0. 0. 0. 0. 0. 0.377 0. 0.377 0.006 0. 0.006 0. 0. 0. 0.096 0. 0.096 0.066 0. 0.066 0.01 0. 0.01 0.188 0. 0.188 0.007 0. 0.007 0.37 0. 0.369
36 0. 0. 0. 0.004 0. 0.004 0.002 0. 0.002 0.074 0. 0.074 0.011 0. 0.011 0. 0. 0. 0. 0. 0. 0.4 0. 0.4 0.006 0. 0.006 0. 0. 0. 0.103 0. 0.102 0.069 0. 0.069 0.015 0. 0.015 0.202 0. 0.202 0.007 0. 0.007 0.397 0. 0.397
37 0. 0. 0. 0.005 0. 0.005 0.002 0. 0.002 0.073 0. 0.072 0.012 0. 0.012 0. 0. 0. 0.001 0. 0.001 0.421 0. 0.42 0.006 0. 0.006 0. 0. 0. 0.104 0. 0.104 0.075 0. 0.075 0.015 0. 0.015 0.215 0. 0.214 0.012 0. 0.011 0.417 0. 0.417
38 0. 0. 0. 0.005 0. 0.005 0.002 0. 0.002 0.075 0. 0.075 0.019 0. 0.019 0. 0. 0. 0. 0. 0. 0.459 0. 0.458 0.006 0. 0.006 0. 0. 0. 0.113 0. 0.113 0.077 0. 0.077 0.011 0. 0.011 0.245 0. 0.245 0.007 0. 0.007 0.455 0. 0.455
39 0. 0. 0. 0.005 0. 0.005 0.002 0. 0.002 0.082 0.003 0.078 0.012 0. 0.012 0. 0. 0. 0. 0. 0. 0.496 0.004 0.491 0.007 0. 0.007 0. 0. 0. 0.113 0.003 0.109 0.09 0. 0.09 0.022 0. 0.022 0.257 0. 0.257 0.008 0. 0.008 0.492 0.004 0.488
40 0. 0. 0. 0.005 0. 0.005 0.002 0. 0.002 0.083 0. 0.083 0.021 0. 0.021 0. 0. 0. 0.001 0. 0.001 0.512 0. 0.512 0.007 0. 0.007 0. 0. 0. 0.132 0. 0.132 0.089 0. 0.089 0.013 0. 0.013 0.265 0. 0.265 0.009 0. 0.009 0.509 0. 0.508
41 0. 0. 0. 0.006 0. 0.006 0.002 0. 0.002 0.09 0. 0.089 0.02 0. 0.02 0. 0. 0. 0. 0. 0. 0.537 0. 0.537 0.007 0. 0.007 0. 0. 0. 0.131 0. 0.131 0.102 0. 0.102 0.012 0. 0.012 0.279 0. 0.279 0.008 0. 0.008 0.534 0. 0.533
42 0. 0. 0. 0.006 0. 0.006 0.002 0. 0.002 0.092 0. 0.092 0.02 0. 0.02 0. 0. 0. 0.001 0. 0.001 0.575 0. 0.574 0.008 0. 0.008 0. 0. 0. 0.134 0. 0.134 0.11 0. 0.11 0.013 0. 0.013 0.304 0. 0.304 0.009 0. 0.009 0.571 0. 0.571
43 0. 0. 0. 0.006 0. 0.006 0.002 0. 0.002 0.097 0. 0.097 0.013 0. 0.013 0. 0. 0. 0.001 0. 0.001 0.613 0. 0.612 0.007 0. 0.007 0. 0. 0. 0.133 0. 0.133 0.121 0. 0.121 0.025 0. 0.025 0.32 0. 0.32 0.021 0. 0.021 0.609 0. 0.608
44 0. 0. 0. 0.007 0. 0.007 0.002 0. 0.002 0.101 0. 0.101 0.021 0. 0.021 0. 0. 0. 0.001 0. 0.001 0.632 0. 0.631 0.008 0. 0.008 0. 0. 0. 0.146 0. 0.145 0.127 0. 0.127 0.014 0. 0.013 0.332 0. 0.332 0.009 0. 0.009 0.628 0. 0.628
45 0. 0. 0. 0.016 0. 0.016 0.003 0. 0.003 0.097 0. 0.097 0.014 0. 0.014 0. 0. 0. 0.001 0. 0.001 0.662 0. 0.661 0.008 0. 0.008 0. 0. 0. 0.144 0. 0.144 0.123 0. 0.123 0.013 0. 0.013 0.367 0. 0.367 0.009 0. 0.009 0.658 0. 0.658
46 0. 0. 0. 0.014 0. 0.014 0.003 0. 0.003 0.102 0.003 0.098 0.014 0. 0.014 0. 0. 0. 0.001 0. 0.001 0.666 0.003 0.661 0.008 0. 0.008 0. 0. 0. 0.148 0.003 0.143 0.132 0. 0.132 0.014 0. 0.014 0.358 0. 0.358 0.009 0. 0.009 0.662 0.003 0.657
47 0. 0. 0. 0.008 0. 0.008 0.002 0. 0.002 0.108 0. 0.108 0.021 0.003 0.017 0. 0. 0. 0.001 0. 0.001 0.705 0.004 0.7 0.008 0. 0.008 0. 0. 0. 0.154 0.003 0.15 0.142 0. 0.142 0.014 0. 0.014 0.38 0. 0.379 0.01 0. 0.01 0.701 0.004 0.696
48 0. 0. 0. 0.009 0. 0.008 0.002 0. 0.002 0.122 0. 0.122 0.014 0. 0.014 0. 0. 0. 0.001 0. 0.001 0.748 0. 0.747 0.009 0. 0.009 0. 0. 0. 0.165 0. 0.165 0.153 0. 0.153 0.014 0. 0.014 0.399 0. 0.399 0.01 0. 0.01 0.744 0. 0.743
49 0. 0. 0. 0.009 0. 0.009 0.003 0. 0.003 0.125 0. 0.125 0.018 0. 0.018 0. 0. 0. 0.001 0. 0.001 0.782 0. 0.781 0.009 0. 0.009 0. 0. 0. 0.171 0. 0.171 0.156 0. 0.155 0.018 0. 0.018 0.421 0. 0.42 0.01 0. 0.01 0.778 0. 0.777
50 0. 0. 0. 0.009 0. 0.009 0.003 0. 0.003 0.133 0. 0.133 0.02 0. 0.02 0. 0. 0. 0.001 0. 0.001 0.829 0. 0.828 0.009 0. 0.009 0. 0. 0. 0.184 0. 0.184 0.169 0. 0.168 0.019 0. 0.019 0.441 0. 0.441 0.011 0. 0.011 0.825 0. 0.824
51 0. 0. 0. 0.01 0. 0.01 0.003 0. 0.003 0.146 0. 0.145 0.017 0. 0.017 0. 0. 0. 0.001 0. 0.001 0.866 0. 0.865 0.01 0. 0.01 0. 0. 0. 0.197 0. 0.197 0.173 0. 0.173 0.016 0. 0.016 0.464 0. 0.464 0.011 0. 0.011 0.862 0. 0.861
52 0. 0. 0. 0.01 0. 0.01 0.003 0. 0.003 0.151 0. 0.151 0.02 0. 0.02 0. 0. 0. 0.001 0. 0.001 0.934 0. 0.933 0.01 0. 0.01 0. 0. 0. 0.21 0. 0.209 0.203 0. 0.202 0.016 0. 0.016 0.489 0. 0.488 0.011 0. 0.011 0.93 0. 0.929
53 0. 0. 0. 0.011 0. 0.011 0.003 0. 0.003 0.154 0. 0.154 0.024 0. 0.024 0. 0. 0. 0.001 0. 0.001 0.985 0. 0.984 0.01 0. 0.01 0. 0. 0. 0.211 0. 0.21 0.214 0. 0.214 0.017 0. 0.017 0.526 0. 0.525 0.012 0. 0.012 0.981 0. 0.98
54 0. 0. 0. 0.012 0. 0.012 0.003 0. 0.003 0.176 0. 0.175 0.018 0. 0.018 0. 0. 0. 0.001 0. 0.001 1.046 0. 1.045 0.011 0. 0.011 0. 0. 0. 0.231 0. 0.23 0.22 0. 0.219 0.017 0. 0.017 0.561 0. 0.56 0.012 0. 0.012 1.042 0. 1.041
55 0. 0. 0. 0.017 0. 0.017 0.003 0. 0.003 0.202 0. 0.201 0.016 0. 0.016 0. 0. 0. 0.001 0. 0.001 1.117 0. 1.116 0.011 0. 0.011 0. 0. 0. 0.273 0. 0.273 0.232 0. 0.232 0.018 0. 0.018 0.576 0. 0.576 0.012 0. 0.012 1.112 0. 1.111
56 0. 0. 0. 0.012 0. 0.012 0.003 0. 0.003 0.207 0. 0.206 0.025 0. 0.025 0. 0. 0. 0.001 0. 0.001 1.163 0. 1.162 0.016 0. 0.016 0. 0. 0. 0.277 0. 0.277 0.236 0. 0.236 0.018 0. 0.018 0.608 0. 0.608 0.012 0. 0.012 1.158 0. 1.157
57 0. 0. 0. 0.013 0. 0.013 0.003 0. 0.003 0.192 0. 0.192 0.022 0. 0.022 0. 0. 0. 0.001 0. 0.001 1.186 0.003 1.181 0.011 0. 0.011 0. 0. 0. 0.255 0. 0.255 0.256 0. 0.256 0.018 0. 0.018 0.638 0.003 0.633 0.013 0. 0.013 1.182 0.003 1.177
58 0. 0. 0. 0.014 0. 0.014 0.003 0. 0.003 0.201 0. 0.201 0.019 0. 0.019 0. 0. 0. 0.001 0. 0.001 1.227 0. 1.225 0.011 0. 0.011 0. 0. 0. 0.258 0. 0.257 0.26 0. 0.259 0.018 0. 0.018 0.672 0. 0.671 0.013 0. 0.013 1.222 0. 1.22
59 0. 0. 0. 0.014 0. 0.014 0.003 0. 0.003 0.229 0. 0.228 0.02 0. 0.02 0. 0. 0. 0.001 0. 0.001 1.275 0. 1.274 0.012 0. 0.012 0. 0. 0. 0.287 0. 0.287 0.268 0. 0.268 0.019 0. 0.019 0.682 0. 0.681 0.013 0. 0.013 1.271 0. 1.269
60 0. 0. 0. 0.015 0. 0.015 0.003 0. 0.003 0.069 0. 0.069 0.029 0.003 0.026 0. 0. 0. 0.001 0. 0.001 0.476 0.06 0.416 0.01 0. 0.01 0. 0. 0. 0.153 0.003 0.149 0.057 0. 0.057 0.019 0. 0.019 0.229 0.056 0.173 0.014 0. 0.014 0.471 0.06 0.411
61 0. 0. 0. 0.029 0. 0.029 0.003 0. 0.003 0.075 0. 0.075 0.019 0. 0.019 0. 0. 0. 0.001 0. 0.001 0.44 0. 0.44 0.011 0. 0.011 0. 0. 0. 0.148 0. 0.148 0.075 0. 0.075 0.019 0. 0.019 0.179 0. 0.179 0.014 0. 0.014 0.435 0. 0.435
62 0. 0. 0. 0.029 0. 0.029 0.004 0. 0.004 0.079 0.003 0.075 0.018 0. 0.018 0. 0. 0. 0.001 0. 0.001 0.472 0.003 0.468 0.012 0. 0.012 0. 0. 0. 0.152 0.003 0.148 0.08 0. 0.08 0.02 0. 0.02 0.201 0. 0.201 0.014 0. 0.014 0.467 0.003 0.463
63 0. 0. 0. 0.017 0. 0.017 0.004 0. 0.004 0.085 0. 0.085 0.033 0. 0.033 0. 0. 0. 0.001 0. 0.001 0.522 0.008 0.514 0.012 0. 0.012 0. 0. 0. 0.163 0. 0.162 0.09 0. 0.09 0.02 0. 0.02 0.23 0.007 0.222 0.015 0. 0.015 0.517 0.008 0.509
64 0. 0. 0. 0.026 0. 0.026 0.004 0. 0.004 0.09 0.003 0.087 0.021 0. 0.021 0. 0. 0. 0.001 0. 0.001 0.543 0.003 0.539 0.012 0. 0.012 0. 0. 0. 0.168 0.003 0.164 0.089 0. 0.089 0.02 0. 0.02 0.246 0. 0.246 0.015 0. 0.015 0.538 0.003 0.534
65 0. 0. 0. 0.026 0. 0.026 0.004 0. 0.004 0.089 0. 0.089 0.02 0. 0.02 0. 0. 0. 0.001 0. 0.001 0.589 0.003 0.585 0.022 0. 0.022 0. 0. 0. 0.168 0. 0.168 0.1 0. 0.1 0.021 0. 0.021 0.27 0.003 0.266 0.015 0. 0.015 0.584 0.003 0.58
66 0. 0. 0. 0.019 0. 0.019 0.011 0. 0.011 0.098 0. 0.098 0.019 0. 0.019 0. 0. 0. 0.001 0. 0.001 0.624 0. 0.624 0.013 0. 0.013 0. 0. 0. 0.175 0. 0.175 0.111 0. 0.111 0.023 0. 0.023 0.294 0. 0.294 0.017 0. 0.017 0.618 0. 0.618
67 0. 0. 0. 0.02 0. 0.02 0.004 0. 0.004 0.105 0. 0.105 0.029 0. 0.029 0. 0. 0. 0.001 0. 0.001 0.678 0.007 0.67 0.012 0. 0.012 0. 0. 0. 0.187 0. 0.187 0.122 0.003 0.118 0.022 0. 0.022 0.327 0.003 0.324 0.016 0. 0.016 0.673 0.007 0.665
68 0. 0. 0. 0.031 0. 0.031 0.004 0. 0.004 0.127 0. 0.127 0.02 0. 0.02 0. 0. 0. 0.001 0. 0.001 0.732 0.007 0.724 0.012 0. 0.012 0. 0. 0. 0.207 0. 0.207 0.127 0.003 0.123 0.022 0. 0.022 0.355 0.003 0.351 0.016 0. 0.016 0.727 0.007 0.719
69 0. 0. 0. 0.031 0. 0.031 0.004 0. 0.004 0.13 0. 0.13 0.022 0. 0.022 0. 0. 0. 0.001 0. 0.001 0.793 0. 0.793 0.013 0. 0.013 0. 0. 0. 0.215 0. 0.215 0.142 0. 0.142 0.023 0. 0.023 0.393 0. 0.393 0.017 0. 0.017 0.787 0. 0.787
70 0. 0. 0. 0.022 0. 0.022 0.004 0. 0.004 0.136 0. 0.136 0.035 0. 0.035 0. 0. 0. 0.002 0. 0.002 0.863 0. 0.863 0.014 0. 0.014 0. 0. 0. 0.228 0. 0.228 0.164 0. 0.164 0.024 0. 0.024 0.425 0. 0.425 0.018 0. 0.018 0.857 0. 0.857
71 0. 0. 0. 0.029 0. 0.029 0.004 0. 0.004 0.141 0. 0.141 0.025 0. 0.025 0. 0. 0. 0.001 0. 0.001 0.907 0. 0.907 0.014 0. 0.014 0. 0. 0. 0.236 0. 0.236 0.173 0. 0.173 0.024 0. 0.024 0.453 0. 0.453 0.018 0. 0.018 0.902 0. 0.902
72 0. 0. 0. 0.029 0. 0.029 0.004 0. 0.004 0.145 0.003 0.141 0.022 0. 0.022 0. 0. 0. 0.001 0. 0.001 0.941 0.007 0.933 0.016 0. 0.016 0. 0. 0. 0.236 0.004 0.231 0.175 0. 0.175 0.025 0. 0.025 0.481 0.003 0.477 0.018 0. 0.018 0.935 0.007 0.927
73 0. 0. 0. 0.027 0. 0.027 0.004 0. 0.004 0.147 0. 0.147 0.029 0. 0.029 0. 0. 0. 0.001 0. 0.001 0.996 0. 0.996 0.015 0. 0.015 0. 0. 0. 0.242 0. 0.242 0.192 0. 0.192 0.025 0. 0.025 0.513 0. 0.513 0.018 0. 0.018 0.99 0. 0.99
74 0. 0. 0. 0.029 0. 0.029 0.004 0. 0.004 0.165 0. 0.165 0.022 0. 0.022 0. 0. 0. 0.001 0. 0.001 1.063 0.003 1.059 0.016 0. 0.016 0. 0. 0. 0.248 0.003 0.244 0.214 0. 0.214 0.025 0. 0.025 0.552 0. 0.552 0.018 0. 0.018 1.057 0.003 1.054
75 0. 0. 0. 0.026 0. 0.026 0.008 0. 0.008 0.169 0. 0.169 0.022 0. 0.022 0. 0. 0. 0.001 0. 0.001 1.132 0. 1.132 0.015 0. 0.015 0. 0. 0. 0.257 0. 0.257 0.237 0. 0.237 0.025 0. 0.025 0.589 0. 0.589 0.019 0. 0.019 1.126 0. 1.126
76 0. 0. 0. 0.035 0. 0.035 0.005 0. 0.005 0.189 0. 0.189 0.029 0. 0.029 0. 0. 0. 0.001 0. 0.001 1.209 0. 1.209 0.016 0. 0.016 0. 0. 0. 0.286 0. 0.286 0.255 0. 0.255 0.027 0. 0.027 0.617 0. 0.617 0.02 0. 0.02 1.203 0. 1.203
77 0. 0. 0. 0.032 0. 0.032 0.005 0. 0.005 0.196 0. 0.196 0.026 0. 0.026 0. 0. 0. 0.001 0. 0.001 1.301 0. 1.3 0.023 0. 0.023 0. 0. 0. 0.303 0. 0.303 0.263 0. 0.263 0.027 0. 0.027 0.676 0. 0.676 0.02 0. 0.02 1.294 0. 1.294
78 0. 0. 0. 0.037 0. 0.037 0.005 0. 0.005 0.213 0. 0.213 0.029 0. 0.029 0. 0. 0. 0.001 0. 0.001 1.367 0. 1.367 0.017 0. 0.017 0. 0. 0. 0.316 0. 0.316 0.282 0. 0.282 0.027 0. 0.027 0.716 0. 0.716 0.02 0. 0.02 1.361 0. 1.361
79 0. 0. 0. 0.035 0. 0.035 0.005 0. 0.005 0.226 0. 0.226 0.029 0. 0.029 0. 0. 0. 0.001 0. 0.001 1.454 0. 1.454 0.018 0. 0.018 0. 0. 0. 0.327 0. 0.327 0.307 0. 0.307 0.029 0. 0.029 0.764 0. 0.764 0.021 0. 0.021 1.448 0. 1.448
80 0. 0. 0. 0.038 0.003 0.034 0.008 0. 0.008 0.237 0. 0.237 0.023 0. 0.023 0. 0. 0. 0.001 0. 0.001 1.517 0.003 1.513 0.023 0. 0.023 0. 0. 0. 0.341 0.003 0.337 0.312 0. 0.312 0.028 0. 0.028 0.803 0. 0.803 0.021 0. 0.021 1.511 0.003 1.507
81 0. 0. 0. 0.037 0. 0.037 0.005 0. 0.005 0.255 0. 0.255 0.026 0. 0.026 0. 0. 0. 0.001 0. 0.001 1.576 0.004 1.572 0.017 0. 0.017 0. 0. 0. 0.362 0. 0.362 0.33 0. 0.33 0.029 0. 0.029 0.828 0.003 0.824 0.022 0. 0.021 1.569 0.004 1.565
82 0. 0. 0. 0.035 0. 0.035 0.01 0. 0.01 0.25 0. 0.25 0.024 0. 0.024 0. 0. 0. 0.001 0. 0.001 1.621 0. 1.621 0.02 0. 0.02 0. 0. 0. 0.35 0. 0.35 0.33 0. 0.33 0.029 0. 0.029 0.884 0. 0.884 0.021 0. 0.021 1.615 0. 1.615
83 0. 0. 0. 0.037 0. 0.037 0.005 0. 0.005 0.275 0. 0.275 0.03 0. 0.03 0. 0. 0. 0.001 0. 0.001 1.709 0. 1.709 0.022 0. 0.022 0. 0. 0. 0.379 0. 0.379 0.361 0. 0.361 0.029 0. 0.029 0.909 0. 0.909 0.022 0. 0.022 1.703 0. 1.703
84 0. 0. 0. 0.038 0.003 0.034 0.005 0. 0.005 0.302 0. 0.302 0.025 0. 0.025 0. 0. 0. 0.001 0. 0.001 1.809 0.003 1.805 0.019 0. 0.019 0. 0. 0. 0.415 0.003 0.411 0.383 0. 0.383 0.03 0. 0.03 0.953 0. 0.953 0.022 0. 0.022 1.802 0.003 1.798
85 0. 0. 0. 0.04 0. 0.04 0.005 0. 0.005 0.333 0. 0.333 0.032 0. 0.032 0. 0. 0. 0.001 0. 0.001 1.972 0.008 1.964 0.02 0. 0.02 0. 0. 0. 0.458 0. 0.458 0.414 0. 0.414 0.031 0. 0.031 1.039 0.007 1.031 0.024 0. 0.024 1.965 0.008 1.957
86 0. 0. 0. 0.039 0. 0.039 0.005 0. 0.005 0.353 0. 0.353 0.026 0. 0.026 0. 0. 0. 0.001 0. 0.001 2.05 0. 2.05 0.021 0. 0.021 0. 0. 0. 0.468 0. 0.468 0.438 0. 0.438 0.031 0. 0.031 1.083 0. 1.083 0.023 0. 0.023 2.043 0. 2.043
87 0. 0. 0. 0.043 0. 0.043 0.005 0. 0.005 0.394 0. 0.394 0.037 0. 0.037 0. 0. 0. 0.001 0. 0.001 2.203 0. 2.203 0.02 0. 0.02 0. 0. 0. 0.516 0. 0.516 0.469 0. 0.469 0.032 0. 0.032 1.156 0. 1.156 0.024 0. 0.024 2.196 0. 2.196
88 0. 0. 0. 0.049 0. 0.049 0.005 0. 0.005 0.399 0.003 0.395 0.026 0. 0.026 0. 0. 0. 0.001 0. 0.001 2.273 0.011 2.261 0.021 0. 0.021 0. 0. 0. 0.519 0.003 0.515 0.478 0. 0.478 0.032 0. 0.032 1.214 0.007 1.206 0.024 0. 0.024 2.266 0.011 2.254
89 0. 0. 0. 0.044 0. 0.044 0.006 0. 0.006 0.403 0. 0.403 0.028 0. 0.028 0. 0. 0. 0.001 0. 0.001 2.331 0.008 2.323 0.022 0. 0.022 0. 0. 0. 0.523 0. 0.523 0.503 0.003 0.499 0.032 0. 0.032 1.242 0.003 1.238 0.024 0. 0.024 2.324 0.007 2.316
90 0. 0. 0. 0.045 0. 0.045 0.006 0. 0.006 0.441 0. 0.441 0.026 0. 0.026 0. 0. 0. 0.001 0. 0.001 2.496 0.007 2.488 0.023 0. 0.023 0. 0. 0. 0.604 0.007 0.596 0.522 0. 0.522 0.033 0. 0.033 1.296 0. 1.296 0.025 0. 0.025 2.481 0.007 2.473
91 0. 0. 0. 0.052 0. 0.052 0.006 0. 0.006 0.441 0. 0.441 0.031 0. 0.031 0. 0. 0. 0.001 0. 0.001 2.549 0. 2.549 0.022 0. 0.022 0. 0. 0. 0.571 0. 0.571 0.554 0. 0.554 0.033 0. 0.033 1.36 0. 1.36 0.025 0. 0.025 2.542 0. 2.542
92 0. 0. 0. 0.05 0. 0.05 0.006 0. 0.006 0.493 0. 0.493 0.031 0. 0.031 0. 0. 0. 0.002 0. 0.002 2.713 0.003 2.709 0.023 0. 0.023 0. 0. 0. 0.621 0. 0.62 0.582 0.003 0.578 0.034 0. 0.034 1.443 0. 1.443 0.026 0. 0.026 2.706 0.003 2.702
93 0. 0. 0. 0.052 0. 0.052 0.006 0. 0.006 0.512 0. 0.512 0.034 0. 0.034 0. 0. 0. 0.002 0. 0.002 2.828 0.003 2.824 0.024 0. 0.024 0. 0. 0. 0.648 0. 0.648 0.613 0. 0.613 0.034 0. 0.034 1.498 0.003 1.494 0.026 0. 0.026 2.821 0.003 2.817
94 0. 0. 0. 0.053 0. 0.053 0.006 0. 0.006 0.564 0.004 0.56 0.034 0. 0.034 0. 0. 0. 0.002 0. 0.002 2.972 0.007 2.964 0.024 0. 0.024 0. 0. 0. 0.705 0.004 0.701 0.636 0. 0.636 0.034 0. 0.034 1.564 0.003 1.56 0.026 0. 0.026 2.965 0.007 2.957
95 0. 0. 0. 0.064 0. 0.064 0.006 0. 0.006 0.58 0. 0.58 0.028 0. 0.028 0. 0. 0. 0.002 0. 0.002 3.129 0. 3.129 0.024 0. 0.024 0. 0. 0. 0.736 0. 0.736 0.683 0. 0.683 0.036 0. 0.036 1.639 0. 1.639 0.028 0. 0.028 3.121 0. 3.121
96 0. 0. 0. 0.052 0. 0.052 0.006 0. 0.006 0.564 0.003 0.56 0.03 0. 0.03 0. 0. 0. 0.002 0. 0.002 3.097 0.011 3.085 0.024 0. 0.024 0. 0. 0. 0.7 0.003 0.696 0.671 0.003 0.667 0.037 0. 0.037 1.655 0.003 1.65 0.028 0. 0.028 3.09 0.011 3.078
97 0. 0. 0. 0.052 0. 0.052 0.009 0. 0.009 0.473 0. 0.473 0.029 0. 0.029 0. 0. 0. 0.002 0. 0.002 3.003 0.003 2.998 0.024 0. 0.024 0. 0. 0. 0.603 0. 0.603 0.658 0. 0.658 0.035 0. 0.035 1.67 0.003 1.666 0.027 0. 0.027 2.995 0.003 2.99
98 0. 0. 0. 0.058 0. 0.058 0.006 0. 0.006 0.489 0. 0.489 0.032 0. 0.032 0. 0. 0. 0.002 0. 0.002 3.107 0.004 3.103 0.026 0. 0.026 0. 0. 0. 0.63 0. 0.63 0.686 0. 0.686 0.036 0. 0.036 1.718 0.003 1.714 0.028 0. 0.028 3.1 0.004 3.096
99 0. 0. 0. 0.057 0. 0.057 0.007 0. 0.007 0.463 0. 0.463 0.03 0. 0.03 0. 0. 0. 0.002 0. 0.002 2.991 0. 2.991 0.026 0. 0.026 0. 0. 0. 0.603 0. 0.603 0.608 0. 0.608 0.037 0. 0.037 1.707 0. 1.707 0.028 0. 0.028 2.983 0. 2.983