param-n,build-and-open-real,build-and-open-sys,build-and-open-user,open-constr-real,open-constr-sys,open-constr-user,uconstr-real,uconstr-sys,uconstr-user
0,0.,0.,0.,0.,0.,0.,0.,0.,0.
1,0.,0.,0.,0.,0.,0.,0.,0.,0.
2,0.,0.,0.,0.,0.,0.,0.,0.,0.
3,0.,0.,0.,0.,0.,0.,0.,0.,0.
4,0.,0.,0.,0.,0.,0.,0.,0.,0.
5,0.,0.,0.,0.,0.,0.,0.,0.,0.
6,0.,0.,0.,0.,0.,0.,0.,0.,0.
7,0.,0.,0.,0.,0.,0.,0.,0.,0.
8,0.,0.,0.,0.,0.,0.,0.,0.,0.
9,0.,0.,0.,0.,0.,0.,0.,0.,0.
10,0.,0.,0.,0.,0.,0.,0.,0.,0.
11,0.,0.,0.,0.,0.,0.,0.,0.,0.
12,0.,0.,0.,0.,0.,0.,0.,0.,0.
13,0.,0.,0.,0.,0.,0.,0.,0.,0.
14,0.,0.,0.,0.,0.,0.,0.,0.,0.
15,0.,0.,0.,0.,0.,0.,0.,0.,0.
16,0.,0.,0.,0.,0.,0.,0.,0.,0.
17,0.,0.,0.,0.,0.,0.,0.,0.,0.
18,0.,0.,0.,0.,0.,0.,0.,0.,0.
19,0.,0.,0.,0.,0.,0.,0.,0.,0.
20,0.,0.,0.,0.,0.,0.,0.,0.,0.
21,0.,0.,0.,0.,0.,0.,0.,0.,0.
22,0.,0.,0.,0.,0.,0.,0.,0.,0.
23,0.,0.,0.,0.,0.,0.,0.,0.,0.
24,0.,0.,0.,0.,0.,0.,0.,0.,0.
25,0.,0.,0.,0.,0.,0.,0.,0.,0.
26,0.,0.,0.,0.,0.,0.,0.,0.,0.
27,0.,0.,0.,0.,0.,0.,0.,0.,0.
28,0.,0.,0.,0.,0.,0.,0.,0.,0.
29,0.,0.,0.,0.,0.,0.,0.,0.,0.
30,0.001,0.,0.001,0.,0.,0.,0.,0.,0.
31,0.001,0.001,0.,0.,0.,0.,0.,0.,0.
32,0.001,0.001,0.,0.,0.,0.,0.,0.,0.
33,0.001,0.001,0.,0.,0.,0.,0.,0.,0.
34,0.001,0.,0.001,0.,0.,0.,0.,0.,0.
35,0.001,0.,0.001,0.,0.,0.,0.,0.,0.
36,0.001,0.,0.001,0.,0.,0.,0.,0.,0.
37,0.001,0.,0.001,0.,0.,0.,0.,0.,0.
38,0.001,0.,0.001,0.,0.,0.,0.,0.,0.
39,0.001,0.,0.001,0.,0.,0.,0.,0.,0.
40,0.001,0.,0.001,0.,0.,0.,0.,0.,0.
41,0.001,0.,0.001,0.,0.,0.,0.,0.,0.
42,0.001,0.,0.001,0.,0.,0.,0.,0.,0.
43,0.001,0.,0.001,0.001,0.,0.001,0.,0.,0.
44,0.001,0.,0.001,0.,0.,0.,0.,0.,0.
45,0.001,0.,0.001,0.001,0.,0.001,0.,0.,0.
46,0.001,0.,0.001,0.001,0.,0.001,0.,0.,0.
47,0.001,0.,0.001,0.001,0.,0.001,0.,0.,0.
48,0.001,0.,0.001,0.001,0.,0.001,0.,0.,0.
49,0.001,0.,0.001,0.001,0.,0.001,0.,0.,0.
50,0.001,0.,0.001,0.001,0.,0.001,0.,0.,0.
51,0.04,0.,0.04,0.001,0.,0.001,0.039,0.,0.039
52,0.002,0.,0.002,0.001,0.,0.001,0.,0.,0.
53,0.002,0.,0.002,0.001,0.,0.001,0.,0.,0.
54,0.002,0.,0.002,0.001,0.,0.001,0.,0.,0.
55,0.002,0.,0.002,0.001,0.,0.001,0.,0.,0.
56,0.002,0.,0.002,0.001,0.,0.001,0.,0.,0.
57,0.002,0.,0.002,0.001,0.,0.001,0.,0.,0.
58,0.002,0.,0.002,0.001,0.,0.001,0.,0.,0.
59,0.002,0.,0.002,0.001,0.,0.001,0.,0.,0.
60,0.002,0.,0.002,0.001,0.,0.001,0.,0.,0.
61,0.002,0.,0.002,0.001,0.,0.001,0.,0.,0.
62,0.002,0.,0.002,0.001,0.,0.001,0.,0.,0.
63,0.002,0.,0.002,0.001,0.,0.001,0.,0.,0.
64,0.002,0.,0.002,0.001,0.,0.001,0.,0.,0.
65,0.002,0.,0.002,0.001,0.,0.001,0.,0.,0.
66,0.002,0.,0.002,0.001,0.,0.001,0.,0.,0.
67,0.002,0.,0.002,0.001,0.,0.001,0.,0.,0.
68,0.003,0.,0.003,0.001,0.,0.001,0.001,0.,0.001
69,0.003,0.,0.003,0.001,0.,0.001,0.001,0.,0.001
70,0.003,0.,0.003,0.002,0.,0.002,0.001,0.,0.001
71,0.003,0.,0.003,0.002,0.,0.002,0.001,0.,0.001
72,0.003,0.,0.003,0.002,0.,0.002,0.001,0.,0.001
73,0.003,0.,0.003,0.002,0.,0.002,0.001,0.,0.001
74,0.003,0.,0.003,0.002,0.,0.002,0.001,0.,0.001
75,0.003,0.,0.003,0.002,0.,0.002,0.001,0.,0.001
76,0.003,0.,0.003,0.002,0.,0.002,0.001,0.,0.001
77,0.003,0.,0.003,0.002,0.,0.002,0.001,0.,0.001
78,0.003,0.,0.003,0.002,0.,0.002,0.001,0.,0.001
79,0.003,0.,0.003,0.002,0.,0.002,0.001,0.,0.001
80,0.005,0.,0.005,0.003,0.,0.003,0.001,0.,0.001
81,0.003,0.,0.003,0.002,0.,0.002,0.001,0.,0.001
82,0.003,0.,0.003,0.002,0.,0.002,0.001,0.,0.001
83,0.004,0.,0.004,0.002,0.,0.002,0.001,0.,0.001
84,0.004,0.,0.004,0.002,0.,0.002,0.001,0.,0.001
85,0.004,0.,0.004,0.002,0.,0.002,0.001,0.,0.001
86,0.004,0.,0.004,0.002,0.,0.002,0.001,0.,0.001
87,0.004,0.,0.004,0.002,0.,0.002,0.001,0.,0.001
88,0.004,0.,0.004,0.003,0.,0.003,0.001,0.,0.001
89,0.004,0.,0.004,0.003,0.,0.003,0.001,0.,0.001
90,0.004,0.,0.004,0.003,0.,0.003,0.001,0.,0.001
91,0.005,0.,0.005,0.003,0.,0.003,0.002,0.,0.002
92,0.004,0.,0.004,0.003,0.,0.003,0.001,0.,0.001
93,0.004,0.,0.004,0.003,0.,0.003,0.001,0.,0.001
94,0.004,0.,0.004,0.003,0.,0.003,0.001,0.,0.001
95,0.004,0.,0.004,0.003,0.,0.003,0.001,0.,0.001
96,0.005,0.,0.005,0.003,0.,0.003,0.001,0.,0.001
97,0.005,0.,0.005,0.003,0.,0.003,0.001,0.,0.001
98,0.005,0.,0.005,0.003,0.,0.003,0.001,0.,0.001
99,0.005,0.,0.005,0.003,0.,0.003,0.001,0.,0.001
100,0.006,0.,0.006,0.005,0.,0.005,0.001,0.,0.001
101,0.005,0.,0.005,0.003,0.,0.003,0.001,0.,0.001
102,0.005,0.,0.005,0.003,0.,0.003,0.001,0.,0.001
103,0.005,0.,0.005,0.004,0.,0.004,0.001,0.,0.001
104,0.005,0.,0.005,0.004,0.,0.004,0.001,0.,0.001
105,0.005,0.,0.005,0.004,0.,0.004,0.001,0.,0.001
106,0.005,0.,0.005,0.004,0.,0.004,0.001,0.,0.001
107,0.005,0.,0.005,0.004,0.,0.004,0.001,0.,0.001
108,0.009,0.003,0.006,0.007,0.001,0.006,0.001,0.001,0.
109,0.006,0.,0.006,0.004,0.,0.004,0.001,0.,0.001
110,0.006,0.,0.006,0.004,0.,0.004,0.001,0.,0.001
111,0.006,0.,0.006,0.004,0.,0.004,0.001,0.,0.001
112,0.006,0.,0.006,0.004,0.,0.004,0.001,0.,0.001
113,0.006,0.,0.006,0.004,0.,0.004,0.001,0.,0.001
114,0.006,0.,0.006,0.005,0.,0.005,0.001,0.,0.001
115,0.006,0.,0.006,0.005,0.,0.005,0.001,0.,0.001
116,0.013,0.,0.013,0.005,0.,0.005,0.007,0.,0.007
117,0.007,0.,0.007,0.005,0.,0.005,0.001,0.,0.001
118,0.007,0.,0.007,0.005,0.,0.005,0.001,0.,0.001
119,0.007,0.,0.007,0.005,0.,0.005,0.001,0.,0.001
120,0.007,0.,0.007,0.005,0.,0.005,0.001,0.,0.001
121,0.007,0.,0.007,0.005,0.,0.005,0.001,0.,0.001
122,0.007,0.,0.007,0.005,0.,0.005,0.001,0.,0.001
123,0.008,0.,0.008,0.006,0.,0.006,0.002,0.,0.002
124,0.007,0.,0.007,0.005,0.,0.005,0.001,0.,0.001
125,0.007,0.,0.007,0.005,0.,0.005,0.001,0.,0.001
126,0.008,0.,0.008,0.006,0.,0.006,0.001,0.,0.001
127,0.008,0.,0.008,0.006,0.,0.006,0.001,0.,0.001
128,0.008,0.,0.008,0.006,0.,0.006,0.001,0.,0.001
129,0.009,0.,0.009,0.007,0.,0.007,0.001,0.,0.001
130,0.008,0.,0.008,0.006,0.,0.006,0.001,0.,0.001
131,0.008,0.,0.008,0.006,0.,0.006,0.001,0.,0.001
132,0.008,0.,0.008,0.006,0.,0.006,0.001,0.,0.001
133,0.008,0.,0.008,0.006,0.,0.006,0.001,0.,0.001
134,0.008,0.,0.008,0.006,0.,0.006,0.002,0.,0.002
135,0.009,0.,0.009,0.006,0.,0.006,0.003,0.,0.002
136,0.009,0.,0.009,0.007,0.,0.007,0.002,0.,0.002
137,0.009,0.,0.009,0.007,0.,0.007,0.002,0.,0.002
138,0.009,0.,0.009,0.007,0.,0.007,0.002,0.,0.002
139,0.009,0.,0.009,0.007,0.,0.007,0.002,0.,0.002
140,0.01,0.,0.01,0.008,0.,0.008,0.002,0.,0.002
141,0.009,0.,0.009,0.007,0.,0.007,0.002,0.,0.002
142,0.009,0.,0.009,0.007,0.,0.007,0.002,0.,0.002
143,0.01,0.,0.01,0.007,0.,0.007,0.002,0.,0.002
144,0.01,0.,0.01,0.007,0.,0.007,0.002,0.,0.002
145,0.01,0.,0.01,0.007,0.,0.007,0.002,0.,0.002
146,0.011,0.,0.011,0.008,0.,0.008,0.003,0.,0.003
147,0.01,0.,0.01,0.008,0.,0.008,0.002,0.,0.002
148,0.01,0.,0.01,0.008,0.,0.008,0.002,0.,0.002
149,0.01,0.,0.01,0.008,0.,0.008,0.002,0.,0.002
150,0.01,0.,0.01,0.008,0.,0.008,0.002,0.,0.002
151,0.012,0.,0.012,0.008,0.,0.008,0.003,0.,0.003
152,0.011,0.,0.011,0.008,0.,0.008,0.002,0.,0.002
153,0.011,0.,0.011,0.009,0.,0.009,0.002,0.,0.002
154,0.011,0.,0.011,0.009,0.,0.009,0.002,0.,0.002
155,0.011,0.,0.011,0.009,0.,0.009,0.002,0.,0.002
156,0.011,0.,0.011,0.009,0.,0.009,0.002,0.,0.002
157,0.011,0.,0.011,0.009,0.,0.009,0.002,0.,0.002
158,0.011,0.,0.011,0.009,0.,0.009,0.002,0.,0.002
159,0.012,0.,0.012,0.009,0.,0.009,0.002,0.,0.002
160,0.012,0.,0.012,0.01,0.,0.01,0.002,0.,0.002
161,0.012,0.,0.012,0.009,0.,0.009,0.002,0.,0.002
162,0.012,0.,0.012,0.009,0.,0.009,0.002,0.,0.002
163,0.012,0.,0.012,0.01,0.,0.01,0.002,0.,0.002
164,0.018,0.,0.018,0.01,0.,0.01,0.002,0.,0.002
165,0.012,0.,0.012,0.01,0.,0.01,0.002,0.,0.002
166,0.012,0.,0.012,0.01,0.,0.01,0.002,0.,0.002
167,0.013,0.,0.013,0.01,0.,0.01,0.002,0.,0.002
168,0.013,0.,0.013,0.01,0.,0.01,0.002,0.,0.002
169,0.022,0.,0.022,0.01,0.,0.01,0.011,0.,0.011
170,0.013,0.,0.013,0.01,0.,0.01,0.002,0.,0.002
171,0.013,0.,0.013,0.01,0.,0.01,0.002,0.,0.002
172,0.013,0.,0.013,0.011,0.,0.011,0.002,0.,0.002
173,0.014,0.,0.014,0.011,0.,0.011,0.003,0.,0.003
174,0.014,0.,0.014,0.011,0.,0.011,0.002,0.,0.002
175,0.014,0.,0.014,0.011,0.,0.011,0.002,0.,0.002
176,0.014,0.,0.014,0.011,0.,0.011,0.002,0.,0.002
177,0.015,0.,0.015,0.011,0.,0.011,0.004,0.,0.004
178,0.014,0.,0.014,0.011,0.,0.011,0.002,0.,0.002
179,0.014,0.,0.014,0.011,0.,0.011,0.002,0.,0.002
180,0.022,0.003,0.018,0.019,0.003,0.015,0.002,0.,0.002
181,0.015,0.,0.015,0.012,0.,0.012,0.002,0.,0.002
182,0.015,0.,0.015,0.012,0.,0.012,0.002,0.,0.002
183,0.015,0.,0.015,0.012,0.,0.012,0.002,0.,0.002
184,0.026,0.,0.026,0.024,0.,0.024,0.002,0.,0.002
185,0.015,0.,0.015,0.012,0.,0.012,0.002,0.,0.002
186,0.015,0.,0.015,0.012,0.,0.012,0.002,0.,0.002
187,0.015,0.,0.015,0.013,0.,0.013,0.002,0.,0.002
188,0.017,0.,0.017,0.013,0.,0.013,0.003,0.,0.003
189,0.016,0.,0.016,0.013,0.,0.013,0.002,0.,0.002
190,0.016,0.,0.016,0.013,0.,0.013,0.002,0.,0.002
191,0.018,0.,0.018,0.015,0.,0.015,0.002,0.,0.002
192,0.016,0.,0.016,0.013,0.,0.013,0.002,0.,0.002
193,0.016,0.,0.016,0.013,0.,0.013,0.002,0.,0.002
194,0.017,0.,0.017,0.014,0.,0.014,0.002,0.,0.002
195,0.017,0.,0.017,0.014,0.,0.014,0.003,0.,0.003
196,0.017,0.,0.017,0.014,0.,0.014,0.002,0.,0.002
197,0.017,0.,0.017,0.014,0.,0.014,0.002,0.,0.002
198,0.018,0.,0.018,0.014,0.,0.014,0.003,0.,0.003
199,0.018,0.,0.018,0.014,0.,0.014,0.003,0.,0.003
200,0.018,0.,0.018,0.015,0.,0.015,0.003,0.,0.003
201,0.022,0.,0.022,0.019,0.,0.019,0.003,0.,0.003
202,0.018,0.,0.018,0.015,0.,0.015,0.003,0.,0.003
203,0.018,0.,0.018,0.015,0.,0.015,0.003,0.,0.003
204,0.025,0.,0.025,0.022,0.,0.022,0.003,0.,0.003
205,0.019,0.,0.019,0.015,0.,0.015,0.003,0.,0.003
206,0.019,0.,0.019,0.015,0.,0.015,0.003,0.,0.003
207,0.026,0.,0.026,0.023,0.,0.023,0.003,0.,0.003
208,0.019,0.,0.019,0.016,0.,0.016,0.003,0.,0.003
209,0.019,0.,0.019,0.016,0.,0.016,0.003,0.,0.003
210,0.032,0.,0.032,0.028,0.,0.028,0.003,0.,0.003
211,0.02,0.,0.02,0.016,0.,0.016,0.003,0.,0.003
212,0.02,0.,0.02,0.017,0.,0.017,0.003,0.,0.003
213,0.026,0.,0.026,0.023,0.,0.023,0.003,0.,0.003
214,0.02,0.,0.02,0.017,0.,0.017,0.003,0.,0.003
215,0.02,0.,0.02,0.017,0.,0.017,0.003,0.,0.003
216,0.028,0.,0.028,0.024,0.,0.024,0.003,0.,0.003
217,0.021,0.,0.021,0.018,0.,0.018,0.003,0.,0.003
218,0.021,0.,0.021,0.017,0.,0.017,0.003,0.,0.003
219,0.022,0.,0.022,0.018,0.,0.018,0.004,0.,0.004
220,0.021,0.,0.021,0.018,0.,0.018,0.003,0.,0.003
221,0.021,0.,0.021,0.018,0.,0.018,0.003,0.,0.003
222,0.021,0.,0.021,0.018,0.,0.018,0.003,0.,0.003
223,0.022,0.,0.022,0.018,0.,0.018,0.003,0.,0.003
224,0.03,0.,0.03,0.026,0.,0.026,0.003,0.,0.003
225,0.022,0.,0.022,0.019,0.,0.019,0.003,0.,0.003
226,0.022,0.,0.022,0.019,0.,0.019,0.003,0.,0.003
227,0.031,0.,0.031,0.028,0.,0.028,0.003,0.,0.003
228,0.022,0.,0.022,0.019,0.,0.019,0.003,0.,0.003
229,0.034,0.,0.034,0.031,0.,0.031,0.003,0.,0.003
230,0.023,0.,0.023,0.019,0.,0.019,0.003,0.,0.003
231,0.023,0.,0.023,0.019,0.,0.019,0.003,0.,0.003
232,0.027,0.,0.027,0.023,0.,0.023,0.003,0.,0.003
233,0.024,0.,0.024,0.02,0.,0.02,0.003,0.,0.003
234,0.024,0.,0.024,0.021,0.,0.021,0.003,0.,0.003
235,0.024,0.,0.024,0.02,0.,0.02,0.003,0.,0.003
236,0.024,0.,0.024,0.02,0.,0.02,0.003,0.,0.003
237,0.024,0.,0.024,0.02,0.,0.02,0.003,0.,0.003
238,0.024,0.,0.024,0.02,0.,0.02,0.003,0.,0.003
239,0.036,0.,0.036,0.032,0.,0.032,0.003,0.,0.003
240,0.024,0.,0.024,0.02,0.,0.02,0.003,0.,0.003
241,0.024,0.,0.024,0.02,0.,0.02,0.003,0.,0.003
242,0.031,0.,0.031,0.021,0.,0.021,0.009,0.,0.009
243,0.025,0.,0.025,0.021,0.,0.021,0.003,0.,0.003
244,0.032,0.,0.032,0.029,0.,0.029,0.003,0.,0.003
245,0.025,0.,0.025,0.021,0.,0.021,0.003,0.,0.003
246,0.029,0.,0.029,0.026,0.,0.026,0.003,0.,0.003
247,0.025,0.,0.025,0.022,0.,0.022,0.003,0.,0.003
248,0.026,0.,0.026,0.022,0.,0.022,0.003,0.,0.003
249,0.027,0.,0.027,0.022,0.,0.022,0.004,0.,0.004
250,0.026,0.,0.026,0.022,0.,0.022,0.003,0.,0.003
251,0.027,0.,0.027,0.023,0.,0.023,0.003,0.,0.003
252,0.026,0.,0.026,0.023,0.,0.023,0.003,0.,0.003
253,0.035,0.,0.035,0.031,0.,0.031,0.003,0.,0.003
254,0.027,0.,0.027,0.023,0.,0.023,0.003,0.,0.003
255,0.033,0.,0.033,0.029,0.,0.029,0.004,0.,0.004
256,0.027,0.,0.027,0.023,0.,0.023,0.003,0.,0.003
257,0.042,0.,0.042,0.038,0.,0.038,0.003,0.,0.003
258,0.028,0.,0.028,0.024,0.,0.024,0.003,0.,0.003
259,0.028,0.,0.028,0.024,0.,0.024,0.003,0.,0.003
260,0.037,0.,0.037,0.024,0.,0.024,0.012,0.,0.012
261,0.029,0.,0.029,0.025,0.,0.025,0.004,0.,0.003
262,0.03,0.,0.03,0.025,0.,0.025,0.005,0.,0.005
263,0.029,0.,0.029,0.025,0.,0.025,0.004,0.,0.004
264,0.029,0.,0.029,0.025,0.,0.025,0.004,0.,0.004
265,0.029,0.,0.029,0.025,0.,0.025,0.004,0.,0.004
266,0.031,0.003,0.027,0.025,0.003,0.021,0.005,0.,0.005
267,0.03,0.,0.03,0.025,0.,0.025,0.004,0.,0.004
268,0.031,0.,0.031,0.026,0.,0.026,0.004,0.,0.004
269,0.03,0.,0.03,0.026,0.,0.026,0.004,0.,0.004
270,0.032,0.,0.032,0.026,0.,0.026,0.005,0.,0.005
271,0.031,0.,0.031,0.026,0.,0.026,0.004,0.,0.004
272,0.031,0.,0.031,0.027,0.,0.027,0.004,0.,0.004
273,0.031,0.,0.031,0.027,0.,0.027,0.004,0.,0.004
274,0.033,0.,0.033,0.027,0.,0.027,0.005,0.,0.005
275,0.032,0.,0.032,0.027,0.,0.027,0.004,0.,0.004
276,0.033,0.,0.033,0.028,0.,0.028,0.004,0.,0.004
277,0.032,0.,0.032,0.028,0.,0.028,0.004,0.,0.004
278,0.032,0.,0.032,0.028,0.,0.028,0.004,0.,0.004
279,0.032,0.,0.032,0.028,0.,0.028,0.004,0.,0.004
280,0.033,0.,0.033,0.028,0.,0.028,0.004,0.,0.004
281,0.046,0.,0.046,0.041,0.,0.041,0.004,0.,0.004
282,0.033,0.,0.033,0.028,0.,0.028,0.004,0.,0.004
283,0.041,0.,0.041,0.036,0.,0.036,0.004,0.,0.004
284,0.034,0.,0.034,0.029,0.,0.029,0.004,0.,0.004
285,0.038,0.,0.038,0.034,0.,0.034,0.004,0.,0.004
286,0.034,0.,0.034,0.029,0.,0.029,0.004,0.,0.004
287,0.036,0.,0.036,0.03,0.,0.03,0.006,0.,0.006
288,0.053,0.,0.053,0.049,0.,0.049,0.004,0.,0.004
289,0.035,0.,0.035,0.03,0.,0.03,0.004,0.,0.004
290,0.05,0.,0.05,0.045,0.,0.045,0.004,0.,0.004
291,0.036,0.,0.036,0.032,0.,0.032,0.004,0.,0.004
292,0.061,0.,0.061,0.056,0.,0.056,0.004,0.,0.004
293,0.037,0.,0.037,0.032,0.,0.032,0.004,0.,0.004
294,0.038,0.,0.038,0.032,0.,0.032,0.005,0.,0.005
295,0.04,0.,0.04,0.036,0.,0.036,0.004,0.,0.004
296,0.037,0.,0.037,0.033,0.,0.033,0.004,0.,0.004
297,0.048,0.,0.048,0.044,0.,0.044,0.004,0.,0.004
298,0.038,0.,0.038,0.034,0.,0.034,0.004,0.,0.004
299,0.055,0.,0.055,0.034,0.,0.034,0.021,0.,0.021
300,0.06,0.007,0.052,0.055,0.007,0.047,0.004,0.,0.004
301,0.038,0.,0.038,0.034,0.,0.034,0.004,0.,0.004
302,0.07,0.,0.07,0.065,0.,0.065,0.004,0.,0.004
303,0.039,0.,0.039,0.034,0.,0.034,0.004,0.,0.004
304,0.041,0.,0.041,0.035,0.,0.035,0.006,0.,0.006
305,0.041,0.,0.041,0.037,0.,0.037,0.004,0.,0.004
306,0.04,0.,0.04,0.035,0.,0.035,0.004,0.,0.004
307,0.047,0.,0.047,0.042,0.,0.042,0.004,0.,0.004
308,0.04,0.,0.04,0.035,0.,0.035,0.004,0.,0.004
309,0.05,0.,0.05,0.036,0.,0.036,0.014,0.,0.014
310,0.053,0.007,0.045,0.048,0.007,0.04,0.004,0.,0.004
311,0.041,0.,0.041,0.036,0.,0.036,0.004,0.,0.004
312,0.056,0.,0.056,0.036,0.,0.036,0.019,0.,0.019
313,0.055,0.003,0.051,0.05,0.003,0.047,0.004,0.,0.004
314,0.042,0.,0.042,0.037,0.,0.037,0.004,0.,0.004
315,0.057,0.,0.057,0.037,0.,0.037,0.019,0.,0.019
316,0.059,0.003,0.055,0.054,0.003,0.05,0.004,0.,0.004
317,0.042,0.,0.042,0.038,0.,0.038,0.004,0.,0.004
318,0.043,0.,0.043,0.038,0.,0.038,0.004,0.,0.004
319,0.06,0.003,0.056,0.055,0.003,0.051,0.004,0.,0.004
320,0.043,0.,0.043,0.038,0.,0.038,0.004,0.,0.004
321,0.044,0.,0.044,0.039,0.,0.039,0.004,0.,0.004
322,0.059,0.,0.059,0.054,0.,0.054,0.004,0.,0.004
323,0.043,0.,0.043,0.038,0.,0.038,0.004,0.,0.004
324,0.047,0.,0.047,0.038,0.,0.038,0.008,0.,0.008
325,0.058,0.003,0.054,0.053,0.003,0.049,0.005,0.,0.005
326,0.044,0.,0.044,0.039,0.,0.039,0.005,0.,0.005
327,0.053,0.,0.053,0.039,0.,0.039,0.013,0.,0.013
328,0.055,0.003,0.051,0.05,0.003,0.046,0.005,0.,0.005
329,0.051,0.,0.051,0.046,0.,0.046,0.005,0.,0.005
330,0.045,0.,0.045,0.04,0.,0.04,0.004,0.,0.004
331,0.051,0.003,0.047,0.046,0.003,0.042,0.005,0.,0.005
332,0.05,0.,0.05,0.044,0.,0.044,0.005,0.,0.005
333,0.045,0.,0.045,0.04,0.,0.04,0.005,0.,0.005
334,0.048,0.,0.048,0.041,0.,0.041,0.006,0.,0.006
335,0.047,0.,0.047,0.042,0.,0.042,0.005,0.,0.005
336,0.068,0.003,0.064,0.063,0.003,0.059,0.005,0.,0.005
337,0.047,0.,0.047,0.042,0.,0.042,0.005,0.,0.005
338,0.061,0.,0.061,0.055,0.,0.055,0.005,0.,0.005
339,0.06,0.,0.06,0.054,0.,0.054,0.005,0.,0.005
340,0.056,0.,0.056,0.051,0.,0.051,0.005,0.,0.005
341,0.048,0.,0.048,0.043,0.,0.043,0.005,0.,0.005
342,0.052,0.,0.052,0.046,0.,0.046,0.005,0.,0.005
343,0.051,0.,0.051,0.046,0.,0.046,0.005,0.,0.005
344,0.072,0.,0.072,0.066,0.,0.066,0.005,0.,0.005
345,0.049,0.,0.049,0.044,0.,0.044,0.005,0.,0.005
346,0.064,0.,0.064,0.059,0.,0.059,0.005,0.,0.005
347,0.06,0.,0.06,0.055,0.,0.055,0.005,0.,0.005
348,0.072,0.,0.072,0.067,0.,0.067,0.005,0.,0.005
349,0.051,0.,0.051,0.046,0.,0.046,0.005,0.,0.005
350,0.091,0.,0.091,0.047,0.,0.047,0.043,0.,0.043
351,0.059,0.,0.059,0.054,0.,0.054,0.005,0.,0.005
352,0.066,0.,0.066,0.061,0.,0.061,0.005,0.,0.005
353,0.075,0.,0.075,0.07,0.,0.07,0.005,0.,0.005
354,0.053,0.,0.053,0.047,0.,0.047,0.005,0.,0.005
355,0.093,0.,0.093,0.048,0.,0.048,0.045,0.,0.045
356,0.063,0.,0.063,0.057,0.,0.057,0.005,0.,0.005
357,0.063,0.,0.063,0.058,0.,0.058,0.005,0.,0.005
358,0.081,0.,0.081,0.075,0.,0.075,0.005,0.,0.005
359,0.054,0.,0.054,0.049,0.,0.049,0.005,0.,0.005
360,0.071,0.,0.071,0.049,0.,0.049,0.022,0.,0.022
361,0.062,0.,0.062,0.056,0.,0.056,0.005,0.,0.005
362,0.055,0.,0.055,0.05,0.,0.05,0.005,0.,0.005
363,0.076,0.,0.076,0.07,0.,0.07,0.005,0.,0.005
364,0.063,0.,0.063,0.057,0.,0.057,0.005,0.,0.005
365,0.055,0.,0.055,0.049,0.,0.049,0.005,0.,0.005
366,0.057,0.,0.057,0.049,0.,0.049,0.007,0.,0.007
367,0.056,0.,0.056,0.051,0.,0.051,0.005,0.,0.005
368,0.069,0.,0.069,0.064,0.,0.064,0.005,0.,0.005
369,0.064,0.,0.064,0.058,0.,0.058,0.005,0.,0.005
370,0.081,0.003,0.077,0.075,0.003,0.072,0.005,0.,0.005
371,0.057,0.,0.057,0.051,0.,0.051,0.005,0.,0.005
372,0.072,0.,0.072,0.052,0.,0.052,0.02,0.,0.02
373,0.059,0.,0.059,0.051,0.,0.051,0.007,0.,0.007
374,0.059,0.,0.059,0.053,0.,0.053,0.005,0.,0.005
375,0.068,0.,0.068,0.062,0.,0.062,0.005,0.,0.005
376,0.065,0.,0.065,0.059,0.,0.059,0.005,0.,0.005
377,0.076,0.,0.076,0.071,0.,0.071,0.005,0.,0.005
378,0.071,0.,0.071,0.065,0.,0.065,0.005,0.,0.005
379,0.085,0.,0.085,0.079,0.,0.079,0.005,0.,0.005
380,0.059,0.,0.059,0.054,0.,0.054,0.005,0.,0.005
381,0.076,0.,0.076,0.054,0.,0.054,0.022,0.,0.022
382,0.062,0.,0.062,0.054,0.,0.054,0.007,0.,0.007
383,0.062,0.,0.062,0.056,0.,0.056,0.005,0.,0.005
384,0.067,0.,0.067,0.061,0.,0.061,0.005,0.,0.005
385,0.066,0.,0.066,0.06,0.,0.06,0.005,0.,0.005
386,0.073,0.,0.073,0.067,0.,0.067,0.005,0.,0.005
387,0.079,0.,0.079,0.073,0.,0.073,0.005,0.,0.005
388,0.094,0.,0.094,0.088,0.,0.088,0.005,0.,0.005
389,0.086,0.,0.086,0.08,0.,0.08,0.006,0.,0.006
390,0.101,0.,0.101,0.095,0.,0.095,0.006,0.,0.006
391,0.089,0.,0.089,0.083,0.,0.083,0.006,0.,0.006
392,0.101,0.,0.101,0.095,0.,0.095,0.006,0.,0.006
393,0.093,0.,0.093,0.087,0.,0.087,0.005,0.,0.005
394,0.066,0.,0.066,0.06,0.,0.06,0.005,0.,0.005
395,0.066,0.,0.066,0.06,0.,0.06,0.006,0.,0.006
396,0.066,0.,0.066,0.06,0.,0.06,0.006,0.,0.006
397,0.065,0.,0.065,0.059,0.,0.059,0.006,0.,0.006
398,0.066,0.,0.066,0.059,0.,0.059,0.007,0.,0.007
399,0.066,0.,0.066,0.059,0.,0.059,0.006,0.,0.006
400,0.068,0.,0.068,0.06,0.,0.06,0.007,0.,0.007
401,0.067,0.,0.067,0.06,0.,0.06,0.006,0.,0.006
402,0.068,0.,0.068,0.061,0.,0.061,0.007,0.,0.007
403,0.068,0.,0.068,0.061,0.,0.061,0.007,0.,0.007
404,0.069,0.,0.069,0.061,0.,0.061,0.008,0.,0.008
405,0.069,0.,0.069,0.061,0.,0.061,0.007,0.,0.007
406,0.069,0.,0.069,0.061,0.,0.061,0.007,0.,0.007
407,0.069,0.,0.069,0.062,0.,0.062,0.007,0.,0.007
408,0.07,0.,0.07,0.062,0.,0.062,0.008,0.,0.008
409,0.07,0.,0.07,0.062,0.,0.062,0.007,0.,0.007
410,0.07,0.,0.07,0.063,0.,0.063,0.007,0.,0.007
411,0.071,0.,0.071,0.064,0.,0.064,0.007,0.,0.007
412,0.07,0.,0.07,0.063,0.,0.063,0.006,0.,0.006
413,0.102,0.,0.102,0.096,0.,0.096,0.006,0.,0.006
414,0.091,0.,0.091,0.084,0.,0.084,0.006,0.,0.006
415,0.099,0.,0.099,0.092,0.,0.092,0.006,0.,0.006
416,0.088,0.,0.088,0.082,0.,0.082,0.006,0.,0.006
417,0.094,0.,0.094,0.088,0.,0.088,0.006,0.,0.006
418,0.087,0.,0.087,0.081,0.,0.081,0.006,0.,0.006
419,0.091,0.,0.091,0.085,0.,0.085,0.006,0.,0.006
420,0.085,0.,0.085,0.079,0.,0.079,0.006,0.,0.006
421,0.086,0.,0.086,0.08,0.,0.08,0.006,0.,0.006
422,0.092,0.,0.092,0.085,0.,0.085,0.006,0.,0.006
423,0.098,0.,0.098,0.091,0.,0.091,0.006,0.,0.006
424,0.08,0.,0.08,0.073,0.,0.073,0.006,0.,0.006
425,0.084,0.,0.084,0.07,0.,0.07,0.014,0.,0.014
426,0.079,0.,0.079,0.071,0.,0.071,0.008,0.,0.008
427,0.109,0.,0.109,0.102,0.,0.102,0.006,0.,0.006
428,0.131,0.,0.131,0.125,0.,0.125,0.006,0.,0.006
429,0.1,0.,0.1,0.093,0.,0.093,0.006,0.,0.006
430,0.105,0.,0.105,0.099,0.,0.099,0.006,0.,0.006
431,0.092,0.,0.092,0.085,0.,0.085,0.006,0.,0.006
432,0.078,0.,0.078,0.071,0.,0.071,0.006,0.,0.006
433,0.083,0.,0.083,0.076,0.,0.076,0.006,0.,0.006
434,0.081,0.,0.081,0.07,0.,0.07,0.01,0.,0.01
435,0.079,0.,0.079,0.072,0.,0.072,0.006,0.,0.006
436,0.105,0.,0.105,0.098,0.,0.098,0.006,0.,0.006
437,0.096,0.,0.096,0.089,0.,0.089,0.006,0.,0.006
438,0.095,0.,0.095,0.088,0.,0.088,0.006,0.,0.006
439,0.09,0.,0.09,0.083,0.,0.083,0.006,0.,0.006
440,0.083,0.,0.083,0.077,0.,0.077,0.006,0.,0.006
441,0.12,0.,0.12,0.11,0.,0.11,0.009,0.,0.009
442,0.103,0.,0.103,0.096,0.,0.096,0.006,0.,0.006
443,0.102,0.,0.102,0.095,0.,0.095,0.006,0.,0.006
444,0.096,0.,0.096,0.089,0.,0.089,0.006,0.,0.006
445,0.089,0.,0.089,0.083,0.,0.083,0.006,0.,0.006
446,0.089,0.,0.089,0.075,0.,0.075,0.013,0.,0.013
447,0.083,0.,0.083,0.076,0.,0.076,0.007,0.,0.007
448,0.108,0.,0.108,0.101,0.,0.101,0.006,0.,0.006
449,0.103,0.,0.103,0.096,0.,0.096,0.006,0.,0.006
450,0.112,0.,0.112,0.105,0.,0.105,0.006,0.,0.006
451,0.085,0.,0.085,0.077,0.,0.077,0.008,0.,0.008
452,0.108,0.,0.108,0.101,0.,0.101,0.006,0.,0.006
453,0.13,0.,0.13,0.124,0.,0.124,0.006,0.,0.006
454,0.095,0.,0.095,0.088,0.,0.088,0.006,0.,0.006
455,0.101,0.,0.101,0.094,0.,0.094,0.006,0.,0.006
456,0.087,0.,0.087,0.08,0.,0.08,0.007,0.,0.007
457,0.106,0.,0.106,0.099,0.,0.099,0.006,0.,0.006
458,0.095,0.,0.095,0.088,0.,0.088,0.006,0.,0.006
459,0.09,0.,0.09,0.084,0.,0.084,0.006,0.,0.006
460,0.113,0.003,0.109,0.105,0.003,0.101,0.007,0.,0.007
461,0.094,0.,0.094,0.087,0.,0.087,0.006,0.,0.006
462,0.098,0.003,0.094,0.091,0.003,0.087,0.007,0.,0.007
463,0.093,0.,0.093,0.086,0.,0.086,0.006,0.,0.006
464,0.086,0.,0.086,0.079,0.,0.079,0.007,0.,0.007
465,0.106,0.,0.106,0.099,0.,0.099,0.006,0.,0.006
466,0.098,0.,0.098,0.091,0.,0.091,0.006,0.,0.006
467,0.09,0.,0.09,0.081,0.,0.081,0.008,0.,0.008
468,0.112,0.,0.112,0.105,0.,0.105,0.006,0.,0.006
469,0.101,0.,0.101,0.094,0.,0.094,0.006,0.,0.006
470,0.091,0.,0.091,0.084,0.,0.084,0.007,0.,0.007
471,0.114,0.007,0.106,0.107,0.007,0.099,0.006,0.,0.006
472,0.104,0.,0.104,0.097,0.,0.097,0.006,0.,0.006
473,0.092,0.002,0.09,0.085,0.,0.085,0.006,0.002,0.004
474,0.113,0.,0.113,0.106,0.,0.106,0.006,0.,0.006
475,0.112,0.,0.112,0.105,0.,0.105,0.007,0.,0.007
476,0.122,0.,0.122,0.115,0.,0.115,0.006,0.,0.006
477,0.093,0.,0.093,0.086,0.,0.086,0.006,0.,0.006
478,0.108,0.,0.108,0.101,0.,0.101,0.007,0.,0.007
479,0.152,0.,0.152,0.145,0.,0.145,0.007,0.,0.007
480,0.142,0.,0.142,0.135,0.,0.134,0.007,0.,0.007
481,0.105,0.,0.105,0.098,0.,0.098,0.007,0.,0.007
482,0.123,0.,0.123,0.115,0.,0.115,0.007,0.,0.007
483,0.114,0.,0.114,0.107,0.,0.107,0.007,0.,0.007
484,0.101,0.,0.101,0.094,0.,0.094,0.007,0.,0.007
485,0.126,0.,0.126,0.113,0.,0.113,0.012,0.,0.012
486,0.112,0.,0.112,0.104,0.,0.104,0.007,0.,0.007
487,0.1,0.,0.1,0.093,0.,0.093,0.007,0.,0.007
488,0.116,0.,0.116,0.109,0.,0.109,0.007,0.,0.007
489,0.109,0.,0.109,0.102,0.,0.102,0.007,0.,0.007
490,0.098,0.,0.098,0.09,0.,0.09,0.008,0.,0.008
491,0.112,0.,0.112,0.104,0.,0.104,0.007,0.,0.007
492,0.139,0.,0.139,0.132,0.,0.132,0.007,0.,0.007
493,0.122,0.,0.122,0.115,0.,0.115,0.007,0.,0.007
494,0.139,0.,0.139,0.132,0.,0.132,0.007,0.,0.007
495,0.1,0.,0.1,0.093,0.,0.093,0.007,0.,0.007
496,0.111,0.,0.111,0.103,0.,0.103,0.007,0.,0.007
497,0.149,0.,0.149,0.12,0.,0.12,0.029,0.,0.029
498,0.147,0.,0.147,0.139,0.,0.139,0.007,0.,0.007
499,0.106,0.,0.106,0.097,0.,0.097,0.009,0.,0.009
500,0.129,0.,0.129,0.122,0.,0.121,0.007,0.,0.007
510,0.188,0.011,0.177,0.136,0.011,0.125,0.051,0.,0.051
520,0.158,0.,0.158,0.15,0.,0.15,0.007,0.,0.007
530,0.125,0.,0.125,0.114,0.,0.114,0.01,0.,0.01
540,0.151,0.,0.151,0.142,0.,0.142,0.008,0.,0.008
550,0.154,0.003,0.15,0.145,0.003,0.141,0.008,0.,0.008
560,0.165,0.003,0.162,0.157,0.003,0.153,0.008,0.,0.008
570,0.19,0.003,0.186,0.168,0.003,0.164,0.021,0.,0.021
580,0.213,0.008,0.205,0.204,0.008,0.196,0.008,0.,0.008
590,0.184,0.003,0.181,0.176,0.003,0.172,0.008,0.,0.008
600,0.184,0.,0.184,0.175,0.,0.175,0.009,0.,0.009
610,0.184,0.,0.184,0.174,0.,0.174,0.009,0.,0.009
620,0.177,0.,0.177,0.168,0.,0.168,0.009,0.,0.009
630,0.175,0.,0.175,0.162,0.,0.162,0.012,0.,0.012
640,0.247,0.004,0.243,0.237,0.003,0.233,0.009,0.,0.009
650,0.279,0.01,0.269,0.269,0.007,0.261,0.009,0.002,0.007
660,0.243,0.007,0.235,0.232,0.007,0.224,0.01,0.,0.01
670,0.227,0.,0.227,0.217,0.,0.217,0.01,0.,0.01
680,0.277,0.003,0.273,0.267,0.003,0.263,0.01,0.,0.01
690,0.301,0.,0.301,0.29,0.,0.29,0.01,0.,0.01
700,0.288,0.,0.288,0.271,0.,0.271,0.016,0.,0.016
710,0.356,0.,0.356,0.345,0.,0.345,0.01,0.,0.01
720,0.308,0.011,0.296,0.297,0.011,0.285,0.01,0.,0.01
730,0.361,0.,0.361,0.35,0.,0.35,0.01,0.,0.01
740,0.502,0.,0.502,0.491,0.,0.491,0.011,0.,0.011
750,0.366,0.,0.366,0.354,0.,0.354,0.011,0.,0.011
760,0.395,0.,0.395,0.383,0.,0.383,0.011,0.,0.011
770,0.326,0.,0.326,0.314,0.,0.314,0.011,0.,0.011
780,0.344,0.,0.344,0.296,0.,0.296,0.048,0.,0.048
790,0.373,0.,0.373,0.36,0.,0.36,0.012,0.,0.012
800,0.461,0.,0.461,0.449,0.,0.449,0.012,0.,0.012
810,0.383,0.,0.383,0.368,0.,0.368,0.015,0.,0.015
820,0.406,0.,0.406,0.393,0.,0.393,0.012,0.,0.012
830,0.401,0.,0.401,0.388,0.,0.388,0.012,0.,0.012
840,0.662,0.,0.662,0.605,0.,0.605,0.056,0.,0.056
850,0.507,0.,0.507,0.49,0.,0.49,0.016,0.,0.016
860,0.418,0.,0.418,0.405,0.,0.405,0.013,0.,0.013
870,0.407,0.,0.407,0.394,0.,0.394,0.013,0.,0.013
880,0.448,0.,0.448,0.43,0.,0.43,0.017,0.,0.017
890,0.463,0.,0.463,0.446,0.,0.446,0.016,0.,0.016
900,0.543,0.,0.543,0.529,0.,0.529,0.013,0.,0.013
910,0.471,0.,0.471,0.457,0.,0.457,0.013,0.,0.013
920,0.538,0.015,0.522,0.521,0.015,0.505,0.016,0.,0.016
930,0.795,0.,0.795,0.78,0.,0.78,0.014,0.,0.014
940,0.509,0.,0.509,0.495,0.,0.495,0.014,0.,0.014
950,0.523,0.,0.523,0.509,0.,0.509,0.014,0.,0.014
960,0.706,0.,0.706,0.635,0.,0.635,0.07,0.,0.07
970,0.579,0.,0.579,0.559,0.,0.559,0.019,0.,0.019
980,0.595,0.,0.595,0.542,0.,0.542,0.052,0.,0.052
990,0.718,0.,0.718,0.648,0.,0.648,0.07,0.,0.07
1000,0.609,0.,0.609,0.592,0.,0.592,0.017,0.,0.017
1100,0.743,0.,0.743,0.726,0.,0.726,0.016,0.,0.016
1200,1.08,0.,1.08,1.006,0.,1.006,0.073,0.,0.073
1300,1.184,0.,1.184,1.164,0.,1.164,0.019,0.,0.019
1400,1.492,0.015,1.476,1.471,0.015,1.455,0.021,0.,0.021
1500,1.661,0.,1.661,1.597,0.,1.597,0.063,0.,0.063
1600,2.32,0.032,2.288,2.296,0.032,2.264,0.024,0.,0.024
1700,2.092,0.,2.092,2.059,0.,2.059,0.033,0.,0.033
1800,2.385,0.015,2.369,2.354,0.015,2.338,0.031,0.,0.031
1900,3.057,0.004,3.053,2.972,0.004,2.968,0.084,0.,0.084
2000,3.063,0.,3.063,3.032,0.,3.032,0.03,0.,0.03
2100,3.563,0.,3.563,3.529,0.,3.529,0.034,0.,0.034
2200,3.998,0.039,3.958,3.961,0.039,3.92,0.037,0.,0.037
2300,4.451,0.,4.451,4.416,0.,4.416,0.035,0.,0.035
2400,5.792,0.,5.792,5.705,0.,5.705,0.087,0.,0.087
2500,5.686,0.015,5.67,5.646,0.015,5.63,0.039,0.,0.039
2600,6.239,0.083,6.155,6.196,0.083,6.112,0.042,0.,0.042
2700,7.537,0.067,7.469,7.353,0.067,7.285,0.184,0.,0.184
2800,8.117,0.,8.117,8.062,0.,8.062,0.054,0.,0.054
2900,8.719,0.,8.719,8.662,0.,8.662,0.056,0.,0.056
3000,9.376,0.055,9.319,9.327,0.055,9.271,0.048,0.,0.048