param-n build-and-open-real build-and-open-sys build-and-open-user open-constr-real open-constr-sys open-constr-user uconstr-real uconstr-sys uconstr-user
0 0. 0. 0. 0. 0. 0. 0. 0. 0.
1 0. 0. 0. 0. 0. 0. 0. 0. 0.
2 0. 0. 0. 0. 0. 0. 0. 0. 0.
3 0. 0. 0. 0. 0. 0. 0. 0. 0.
4 0. 0. 0. 0. 0. 0. 0. 0. 0.
5 0. 0. 0. 0. 0. 0. 0. 0. 0.
6 0. 0. 0. 0. 0. 0. 0. 0. 0.
7 0. 0. 0. 0. 0. 0. 0. 0. 0.
8 0. 0. 0. 0. 0. 0. 0. 0. 0.
9 0. 0. 0. 0. 0. 0. 0. 0. 0.
10 0. 0. 0. 0. 0. 0. 0. 0. 0.
11 0.001 0. 0.001 0. 0. 0. 0. 0. 0.
12 0.001 0. 0.001 0. 0. 0. 0. 0. 0.
13 0.001 0. 0.001 0. 0. 0. 0. 0. 0.
14 0.001 0. 0.001 0. 0. 0. 0. 0. 0.
15 0.001 0. 0.001 0. 0. 0. 0.001 0. 0.001
16 0.001 0. 0.001 0. 0. 0. 0.001 0. 0.001
17 0.001 0. 0.001 0. 0. 0. 0.001 0. 0.001
18 0.001 0. 0.001 0. 0. 0. 0.001 0. 0.001
19 0.001 0. 0.001 0. 0. 0. 0.001 0. 0.001
20 0.001 0. 0.001 0. 0. 0. 0.001 0. 0.001
21 0.001 0. 0.001 0. 0. 0. 0.001 0. 0.001
22 0.001 0. 0.001 0. 0. 0. 0.001 0. 0.001
23 0.002 0. 0.002 0. 0. 0. 0.001 0. 0.001
24 0.02 0. 0.02 0.018 0. 0.018 0.001 0. 0.001
25 0.002 0. 0.002 0. 0. 0. 0.001 0. 0.001
26 0.002 0. 0.002 0. 0. 0. 0.001 0. 0.001
27 0.002 0. 0.002 0. 0. 0. 0.001 0. 0.001
28 0.002 0. 0.002 0. 0. 0. 0.002 0. 0.002
29 0.002 0. 0.002 0. 0. 0. 0.002 0. 0.002
30 0.002 0. 0.002 0. 0. 0. 0.002 0. 0.002
31 0.002 0. 0.002 0. 0. 0. 0.002 0. 0.002
32 0.002 0. 0.002 0. 0. 0. 0.002 0. 0.002
33 0.002 0. 0.002 0. 0. 0. 0.002 0. 0.002
34 0.003 0. 0.003 0. 0. 0. 0.002 0. 0.002
35 0.003 0. 0.003 0. 0. 0. 0.002 0. 0.002
36 0.003 0. 0.003 0. 0. 0. 0.002 0. 0.002
37 0.003 0. 0.003 0. 0. 0. 0.002 0. 0.002
38 0.003 0. 0.003 0. 0. 0. 0.002 0. 0.002
39 0.003 0. 0.003 0. 0. 0. 0.002 0. 0.002
40 0.003 0. 0.003 0. 0. 0. 0.003 0. 0.003
41 0.03 0. 0.03 0. 0. 0. 0.029 0. 0.029
42 0.003 0. 0.003 0. 0. 0. 0.003 0. 0.003
43 0.004 0. 0.004 0. 0. 0. 0.003 0. 0.003
44 0.004 0. 0.004 0. 0. 0. 0.003 0. 0.003
45 0.004 0. 0.004 0. 0. 0. 0.003 0. 0.003
46 0.004 0. 0.004 0. 0. 0. 0.003 0. 0.003
47 0.004 0. 0.004 0. 0. 0. 0.003 0. 0.003
48 0.004 0. 0.004 0. 0. 0. 0.003 0. 0.003
49 0.004 0. 0.004 0. 0. 0. 0.004 0. 0.004
50 0.004 0. 0.004 0. 0. 0. 0.004 0. 0.004
51 0.005 0. 0.005 0. 0. 0. 0.004 0. 0.004
52 0.005 0. 0.005 0. 0. 0. 0.004 0. 0.004
53 0.005 0. 0.005 0. 0. 0. 0.004 0. 0.004
54 0.005 0. 0.005 0. 0. 0. 0.004 0. 0.004
55 0.005 0. 0.005 0. 0. 0. 0.004 0. 0.004
56 0.005 0. 0.005 0. 0. 0. 0.004 0. 0.004
57 0.005 0. 0.005 0. 0. 0. 0.004 0. 0.004
58 0.005 0. 0.005 0. 0. 0. 0.004 0. 0.004
59 0.005 0. 0.005 0. 0. 0. 0.004 0. 0.004
60 0.006 0. 0.006 0.001 0. 0.001 0.004 0. 0.004
61 0.006 0. 0.006 0.001 0. 0.001 0.005 0. 0.005
62 0.006 0. 0.006 0.001 0. 0.001 0.005 0. 0.005
63 0.006 0. 0.006 0.001 0. 0.001 0.005 0. 0.005
64 0.006 0. 0.006 0.001 0. 0.001 0.005 0. 0.005
65 0.006 0. 0.006 0.001 0. 0.001 0.005 0. 0.005
66 0.006 0. 0.006 0.001 0. 0.001 0.005 0. 0.005
67 0.006 0. 0.006 0.001 0. 0.001 0.005 0. 0.005
68 0.007 0. 0.007 0.001 0. 0.001 0.006 0. 0.006
69 0.007 0. 0.007 0.001 0. 0.001 0.005 0. 0.005
70 0.007 0. 0.007 0.001 0. 0.001 0.006 0. 0.006
71 0.007 0. 0.007 0.001 0. 0.001 0.006 0. 0.006
72 0.007 0. 0.007 0.001 0. 0.001 0.006 0. 0.006
73 0.007 0. 0.007 0.001 0. 0.001 0.006 0. 0.006
74 0.007 0. 0.007 0.001 0. 0.001 0.006 0. 0.006
75 0.009 0. 0.009 0.001 0. 0.001 0.007 0. 0.007
76 0.008 0. 0.008 0.001 0. 0.001 0.006 0. 0.006
77 0.008 0. 0.008 0.001 0. 0.001 0.006 0. 0.006
78 0.008 0. 0.008 0.001 0. 0.001 0.006 0. 0.006
79 0.008 0. 0.008 0.001 0. 0.001 0.007 0. 0.007
80 0.008 0. 0.008 0.001 0. 0.001 0.007 0. 0.007
81 0.009 0. 0.009 0.001 0. 0.001 0.008 0. 0.008
82 0.009 0. 0.008 0.001 0. 0.001 0.007 0. 0.007
83 0.009 0. 0.009 0.001 0. 0.001 0.007 0. 0.007
84 0.009 0. 0.009 0.001 0. 0.001 0.007 0. 0.007
85 0.009 0. 0.009 0.001 0. 0.001 0.007 0. 0.007
86 0.009 0. 0.009 0.001 0. 0.001 0.007 0. 0.007
87 0.011 0. 0.011 0.001 0. 0.001 0.009 0. 0.009
88 0.009 0. 0.009 0.001 0. 0.001 0.008 0. 0.007
89 0.01 0. 0.01 0.001 0. 0.001 0.008 0. 0.008
90 0.01 0. 0.01 0.001 0. 0.001 0.008 0. 0.008
91 0.01 0. 0.01 0.001 0. 0.001 0.008 0. 0.008
92 0.011 0. 0.011 0.001 0. 0.001 0.009 0. 0.009
93 0.01 0. 0.01 0.002 0. 0.001 0.008 0. 0.008
94 0.011 0. 0.011 0.002 0. 0.002 0.009 0. 0.009
95 0.011 0. 0.011 0.002 0. 0.002 0.009 0. 0.009
96 0.011 0. 0.011 0.002 0. 0.002 0.009 0. 0.009
97 0.012 0. 0.012 0.002 0. 0.002 0.01 0. 0.01
98 0.012 0. 0.012 0.002 0. 0.002 0.01 0. 0.01
99 0.011 0. 0.011 0.002 0. 0.002 0.009 0. 0.009
100 0.011 0. 0.011 0.002 0. 0.002 0.009 0. 0.009
101 0.013 0. 0.013 0.002 0. 0.002 0.01 0. 0.01
102 0.012 0. 0.012 0.002 0. 0.002 0.01 0. 0.01
103 0.012 0. 0.012 0.002 0. 0.002 0.01 0. 0.01
104 0.012 0. 0.012 0.002 0. 0.002 0.009 0. 0.009
105 0.014 0. 0.014 0.004 0. 0.004 0.01 0. 0.01
106 0.012 0. 0.012 0.002 0. 0.002 0.01 0. 0.01
107 0.013 0. 0.013 0.002 0. 0.002 0.01 0. 0.01
108 0.013 0. 0.013 0.002 0. 0.002 0.01 0. 0.01
109 0.013 0. 0.013 0.002 0. 0.002 0.01 0. 0.01
110 0.013 0. 0.013 0.002 0. 0.002 0.01 0. 0.01
111 0.013 0. 0.013 0.002 0. 0.002 0.01 0. 0.01
112 0.013 0. 0.013 0.002 0. 0.002 0.011 0. 0.011
113 0.014 0. 0.014 0.003 0. 0.003 0.011 0. 0.011
114 0.014 0. 0.014 0.002 0. 0.002 0.011 0. 0.011
115 0.014 0. 0.014 0.002 0. 0.002 0.011 0. 0.011
116 0.015 0. 0.015 0.002 0. 0.002 0.012 0. 0.012
117 0.016 0. 0.016 0.002 0. 0.002 0.012 0. 0.012
118 0.015 0. 0.015 0.003 0. 0.003 0.012 0. 0.012
119 0.015 0. 0.015 0.003 0. 0.003 0.012 0. 0.012
120 0.016 0. 0.016 0.003 0. 0.003 0.012 0. 0.012
121 0.017 0. 0.017 0.003 0. 0.003 0.014 0. 0.014
122 0.015 0. 0.015 0.003 0. 0.003 0.012 0. 0.012
123 0.016 0. 0.016 0.003 0. 0.003 0.012 0. 0.012
124 0.017 0. 0.017 0.003 0. 0.003 0.014 0. 0.014
125 0.016 0. 0.016 0.003 0. 0.003 0.013 0. 0.013
126 0.016 0. 0.016 0.003 0. 0.003 0.013 0. 0.013
127 0.017 0. 0.017 0.003 0. 0.003 0.013 0. 0.013
128 0.019 0. 0.019 0.003 0. 0.003 0.016 0. 0.016
129 0.017 0. 0.017 0.003 0. 0.003 0.013 0. 0.013
130 0.017 0. 0.017 0.003 0. 0.003 0.013 0. 0.013
131 0.018 0. 0.018 0.003 0. 0.003 0.014 0. 0.014
132 0.018 0. 0.018 0.003 0. 0.003 0.014 0. 0.014
133 0.018 0. 0.018 0.003 0. 0.003 0.014 0. 0.014
134 0.02 0. 0.02 0.003 0. 0.003 0.017 0. 0.017
135 0.018 0. 0.018 0.003 0. 0.003 0.014 0. 0.014
136 0.018 0. 0.018 0.003 0. 0.003 0.014 0. 0.014
137 0.019 0. 0.019 0.003 0. 0.003 0.015 0. 0.015
138 0.018 0. 0.018 0.003 0. 0.003 0.014 0. 0.014
139 0.019 0. 0.019 0.004 0. 0.004 0.014 0. 0.014
140 0.021 0. 0.021 0.004 0. 0.004 0.017 0. 0.017
141 0.019 0. 0.019 0.004 0. 0.004 0.015 0. 0.015
142 0.019 0. 0.019 0.004 0. 0.004 0.015 0. 0.015
143 0.02 0. 0.02 0.004 0. 0.004 0.016 0. 0.016
144 0.02 0. 0.02 0.004 0. 0.004 0.016 0. 0.016
145 0.02 0. 0.02 0.004 0. 0.004 0.015 0. 0.015
146 0.023 0. 0.023 0.004 0. 0.004 0.018 0. 0.018
147 0.021 0. 0.021 0.004 0. 0.004 0.017 0. 0.017
148 0.024 0. 0.024 0.007 0. 0.007 0.016 0. 0.016
149 0.021 0. 0.021 0.004 0. 0.004 0.016 0. 0.016
150 0.022 0. 0.022 0.004 0. 0.004 0.017 0. 0.017
151 0.027 0. 0.027 0.004 0. 0.004 0.022 0. 0.022
152 0.021 0. 0.021 0.004 0. 0.004 0.016 0. 0.016
153 0.022 0. 0.022 0.004 0. 0.004 0.017 0. 0.017
154 0.022 0. 0.022 0.004 0. 0.004 0.017 0. 0.017
155 0.022 0. 0.022 0.004 0. 0.004 0.017 0. 0.017
156 0.023 0. 0.023 0.005 0. 0.005 0.018 0. 0.018
157 0.023 0. 0.023 0.005 0. 0.005 0.017 0. 0.017
158 0.023 0. 0.023 0.005 0. 0.005 0.017 0. 0.017
159 0.023 0. 0.023 0.005 0. 0.005 0.018 0. 0.018
160 0.023 0. 0.023 0.005 0. 0.005 0.018 0. 0.018
161 0.024 0. 0.024 0.005 0. 0.005 0.019 0. 0.019
162 0.024 0.003 0.02 0.005 0.003 0.001 0.018 0. 0.018
163 0.03 0. 0.03 0.011 0. 0.011 0.018 0. 0.018
164 0.024 0. 0.024 0.005 0. 0.005 0.019 0. 0.018
165 0.024 0. 0.024 0.005 0. 0.005 0.019 0. 0.019
166 0.035 0. 0.035 0.005 0. 0.005 0.029 0. 0.029
167 0.026 0. 0.026 0.005 0. 0.005 0.02 0. 0.02
168 0.027 0. 0.027 0.005 0. 0.005 0.021 0. 0.021
169 0.025 0. 0.025 0.005 0. 0.005 0.019 0. 0.019
170 0.03 0. 0.03 0.009 0. 0.009 0.021 0. 0.021
171 0.026 0. 0.026 0.006 0. 0.005 0.02 0. 0.02
172 0.027 0. 0.027 0.006 0. 0.006 0.02 0. 0.02
173 0.027 0. 0.027 0.006 0. 0.006 0.02 0. 0.02
174 0.027 0. 0.027 0.006 0. 0.006 0.02 0. 0.02
175 0.028 0. 0.028 0.006 0. 0.006 0.021 0. 0.021
176 0.027 0. 0.027 0.006 0. 0.006 0.021 0. 0.021
177 0.028 0. 0.028 0.006 0. 0.006 0.022 0. 0.022
178 0.028 0. 0.028 0.006 0. 0.006 0.021 0. 0.021
179 0.031 0. 0.031 0.006 0. 0.006 0.025 0. 0.025
180 0.029 0. 0.029 0.006 0. 0.006 0.022 0. 0.022
181 0.03 0. 0.03 0.006 0. 0.006 0.023 0. 0.023
182 0.029 0. 0.029 0.006 0. 0.006 0.022 0. 0.022
183 0.032 0. 0.032 0.006 0. 0.006 0.025 0. 0.025
184 0.029 0. 0.029 0.006 0. 0.006 0.022 0. 0.022
185 0.032 0. 0.032 0.006 0. 0.006 0.025 0. 0.025
186 0.03 0. 0.03 0.007 0. 0.007 0.023 0. 0.023
187 0.033 0. 0.033 0.007 0. 0.007 0.026 0. 0.026
188 0.031 0. 0.031 0.007 0. 0.007 0.024 0. 0.024
189 0.032 0. 0.032 0.007 0. 0.007 0.025 0. 0.025
190 0.031 0. 0.031 0.007 0. 0.007 0.023 0. 0.023
191 0.034 0. 0.034 0.007 0. 0.007 0.027 0. 0.027
192 0.031 0. 0.031 0.007 0. 0.007 0.024 0. 0.024
193 0.032 0. 0.032 0.007 0. 0.007 0.024 0. 0.024
194 0.033 0. 0.033 0.007 0. 0.007 0.025 0. 0.025
195 0.034 0. 0.034 0.007 0. 0.007 0.026 0. 0.026
196 0.038 0.003 0.034 0.013 0.003 0.009 0.025 0. 0.025
197 0.033 0. 0.033 0.007 0. 0.007 0.025 0. 0.025
198 0.043 0. 0.043 0.008 0. 0.008 0.034 0. 0.034
199 0.033 0. 0.033 0.008 0. 0.008 0.025 0. 0.025
200 0.035 0. 0.035 0.008 0. 0.008 0.027 0. 0.027
201 0.035 0. 0.035 0.008 0. 0.008 0.026 0. 0.026
202 0.038 0. 0.038 0.008 0. 0.008 0.03 0. 0.03
203 0.044 0. 0.044 0.017 0. 0.017 0.026 0. 0.026
204 0.035 0. 0.035 0.008 0. 0.008 0.026 0. 0.026
205 0.046 0. 0.046 0.008 0. 0.008 0.037 0. 0.037
206 0.035 0. 0.035 0.008 0. 0.008 0.027 0. 0.027
207 0.037 0. 0.037 0.008 0. 0.008 0.028 0. 0.028
208 0.036 0. 0.036 0.008 0. 0.008 0.027 0. 0.027
209 0.038 0. 0.038 0.008 0. 0.008 0.029 0. 0.029
210 0.039 0. 0.039 0.009 0. 0.009 0.03 0. 0.03
211 0.038 0. 0.038 0.009 0. 0.009 0.029 0. 0.029
212 0.042 0. 0.042 0.009 0. 0.009 0.033 0. 0.033
213 0.048 0. 0.048 0.019 0. 0.019 0.029 0. 0.029
214 0.038 0. 0.038 0.009 0. 0.009 0.028 0. 0.028
215 0.042 0. 0.042 0.009 0. 0.009 0.032 0. 0.032
216 0.038 0. 0.038 0.009 0. 0.009 0.029 0. 0.029
217 0.039 0. 0.039 0.009 0. 0.009 0.029 0. 0.029
218 0.039 0. 0.039 0.009 0. 0.009 0.029 0. 0.029
219 0.04 0. 0.04 0.009 0. 0.009 0.03 0. 0.03
220 0.04 0.003 0.036 0.009 0. 0.009 0.03 0.003 0.026
221 0.041 0. 0.041 0.011 0. 0.011 0.029 0. 0.029
222 0.04 0. 0.04 0.01 0. 0.01 0.029 0. 0.029
223 0.041 0. 0.041 0.01 0. 0.01 0.031 0. 0.031
224 0.041 0. 0.041 0.011 0. 0.011 0.03 0. 0.03
225 0.04 0. 0.04 0.01 0. 0.01 0.03 0. 0.03
226 0.042 0. 0.042 0.01 0. 0.01 0.031 0. 0.031
227 0.042 0. 0.042 0.011 0. 0.011 0.03 0. 0.03
228 0.043 0. 0.043 0.01 0. 0.01 0.033 0. 0.033
229 0.042 0. 0.042 0.01 0. 0.01 0.031 0. 0.031
230 0.045 0. 0.045 0.01 0. 0.01 0.034 0. 0.034
231 0.043 0. 0.043 0.01 0. 0.01 0.032 0. 0.032
232 0.042 0. 0.042 0.01 0. 0.01 0.031 0. 0.031
233 0.044 0. 0.044 0.01 0. 0.01 0.033 0. 0.033
234 0.053 0.008 0.045 0.021 0.008 0.013 0.031 0. 0.031
235 0.046 0. 0.046 0.011 0. 0.011 0.035 0. 0.035
236 0.05 0. 0.05 0.011 0. 0.011 0.039 0. 0.039
237 0.047 0. 0.047 0.011 0. 0.011 0.036 0. 0.036
238 0.044 0. 0.044 0.011 0. 0.011 0.032 0. 0.032
239 0.046 0. 0.046 0.011 0. 0.011 0.035 0. 0.035
240 0.048 0.003 0.044 0.011 0. 0.011 0.036 0.003 0.032
241 0.047 0. 0.047 0.013 0. 0.013 0.033 0. 0.033
242 0.047 0. 0.047 0.012 0. 0.012 0.035 0. 0.035
243 0.046 0. 0.046 0.011 0. 0.011 0.034 0. 0.034
244 0.047 0. 0.047 0.012 0. 0.012 0.035 0. 0.035
245 0.051 0.003 0.047 0.016 0.003 0.012 0.034 0. 0.034
246 0.049 0. 0.049 0.012 0. 0.012 0.037 0. 0.037
247 0.05 0. 0.05 0.012 0. 0.012 0.037 0. 0.037
248 0.051 0. 0.051 0.012 0. 0.012 0.038 0. 0.038
249 0.05 0. 0.05 0.012 0. 0.012 0.037 0. 0.037
250 0.062 0.003 0.058 0.024 0.003 0.02 0.037 0. 0.037
251 0.049 0. 0.049 0.012 0. 0.012 0.036 0. 0.036
252 0.057 0. 0.057 0.012 0. 0.012 0.045 0. 0.045
253 0.051 0. 0.051 0.012 0. 0.012 0.038 0. 0.038
254 0.051 0. 0.051 0.012 0. 0.012 0.038 0. 0.038
255 0.063 0.003 0.059 0.026 0.003 0.022 0.037 0. 0.037
256 0.051 0. 0.051 0.013 0. 0.013 0.037 0. 0.037
257 0.106 0. 0.106 0.06 0. 0.06 0.045 0. 0.045
258 0.097 0.003 0.093 0.049 0.003 0.045 0.047 0. 0.047
259 0.095 0. 0.095 0.049 0. 0.049 0.045 0. 0.045
260 0.09 0.008 0.082 0.043 0.007 0.035 0.046 0. 0.046
261 0.075 0.003 0.071 0.03 0.003 0.026 0.044 0. 0.044
262 0.079 0.003 0.075 0.036 0.003 0.032 0.042 0. 0.042
263 0.082 0. 0.082 0.037 0. 0.037 0.044 0. 0.044
264 0.081 0. 0.081 0.036 0. 0.036 0.044 0. 0.044
265 0.078 0. 0.078 0.034 0. 0.034 0.044 0. 0.044
266 0.079 0. 0.079 0.035 0. 0.035 0.043 0. 0.043
267 0.106 0. 0.106 0.055 0. 0.055 0.05 0. 0.05
268 0.099 0. 0.099 0.05 0. 0.05 0.048 0. 0.048
269 0.096 0. 0.096 0.047 0. 0.047 0.049 0. 0.049
270 0.089 0. 0.089 0.042 0. 0.042 0.046 0. 0.046
271 0.082 0. 0.082 0.036 0. 0.036 0.045 0. 0.045
272 0.083 0. 0.083 0.036 0. 0.036 0.047 0. 0.047
273 0.082 0. 0.082 0.036 0. 0.036 0.046 0. 0.046
274 0.084 0. 0.084 0.036 0. 0.036 0.047 0. 0.047
275 0.084 0. 0.084 0.037 0. 0.037 0.047 0. 0.047
276 0.08 0. 0.08 0.032 0. 0.032 0.047 0. 0.047
277 0.113 0. 0.113 0.058 0. 0.058 0.055 0. 0.055
278 0.106 0. 0.106 0.053 0. 0.053 0.052 0. 0.052
279 0.103 0. 0.103 0.05 0. 0.05 0.053 0. 0.053
280 0.094 0.003 0.09 0.041 0.003 0.037 0.052 0. 0.052
281 0.091 0. 0.091 0.041 0. 0.041 0.05 0. 0.05
282 0.092 0.008 0.084 0.041 0.008 0.033 0.051 0. 0.051
283 0.089 0.003 0.085 0.039 0. 0.039 0.05 0.003 0.046
284 0.09 0. 0.09 0.039 0. 0.039 0.05 0. 0.05
285 0.092 0. 0.092 0.04 0. 0.04 0.052 0. 0.052
286 0.116 0. 0.116 0.064 0. 0.064 0.052 0. 0.052
287 0.114 0. 0.114 0.056 0. 0.056 0.057 0. 0.057
288 0.108 0. 0.108 0.05 0. 0.05 0.057 0. 0.057
289 0.094 0. 0.094 0.035 0. 0.035 0.058 0. 0.058
290 0.094 0. 0.094 0.041 0. 0.041 0.052 0. 0.052
291 0.096 0. 0.096 0.041 0. 0.041 0.054 0. 0.054
292 0.094 0. 0.094 0.04 0. 0.04 0.053 0. 0.053
293 0.097 0. 0.097 0.042 0. 0.042 0.055 0. 0.054
294 0.097 0. 0.097 0.042 0. 0.042 0.054 0. 0.054
295 0.126 0. 0.126 0.067 0. 0.067 0.058 0. 0.058
296 0.123 0. 0.123 0.061 0. 0.061 0.062 0. 0.062
297 0.114 0. 0.114 0.053 0. 0.053 0.061 0. 0.061
298 0.1 0. 0.1 0.043 0. 0.043 0.057 0. 0.057
299 0.1 0. 0.1 0.043 0. 0.043 0.057 0. 0.057
300 0.101 0. 0.101 0.044 0. 0.044 0.057 0. 0.057
301 0.102 0. 0.102 0.043 0. 0.043 0.058 0. 0.058
302 0.102 0. 0.102 0.044 0. 0.044 0.057 0. 0.057
303 0.134 0. 0.134 0.07 0. 0.07 0.063 0. 0.063
304 0.128 0. 0.128 0.063 0. 0.063 0.064 0. 0.064
305 0.118 0. 0.118 0.052 0. 0.052 0.065 0. 0.065
306 0.104 0. 0.104 0.045 0. 0.045 0.059 0. 0.059
307 0.105 0. 0.105 0.045 0. 0.045 0.06 0. 0.06
308 0.105 0. 0.105 0.045 0. 0.045 0.059 0. 0.059
309 0.106 0. 0.106 0.046 0. 0.046 0.06 0. 0.06
310 0.114 0. 0.114 0.053 0. 0.053 0.06 0. 0.06
311 0.14 0. 0.14 0.068 0. 0.068 0.071 0. 0.071
312 0.132 0. 0.132 0.062 0. 0.062 0.069 0. 0.069
313 0.116 0. 0.116 0.05 0. 0.05 0.065 0. 0.065
314 0.109 0. 0.109 0.046 0. 0.046 0.061 0. 0.061
315 0.111 0. 0.111 0.048 0. 0.048 0.062 0. 0.062
316 0.112 0. 0.112 0.048 0. 0.048 0.063 0. 0.063
317 0.113 0. 0.113 0.049 0. 0.049 0.064 0. 0.064
318 0.142 0. 0.142 0.077 0. 0.077 0.064 0. 0.064
319 0.14 0. 0.14 0.068 0. 0.068 0.072 0. 0.072
320 0.127 0. 0.127 0.055 0. 0.055 0.071 0. 0.071
321 0.115 0. 0.115 0.049 0. 0.049 0.065 0. 0.065
322 0.115 0. 0.115 0.05 0. 0.05 0.065 0. 0.065
323 0.115 0. 0.115 0.049 0. 0.049 0.065 0. 0.065
324 0.118 0. 0.118 0.051 0. 0.051 0.067 0. 0.067
325 0.151 0. 0.151 0.077 0. 0.077 0.073 0. 0.073
326 0.147 0. 0.147 0.07 0. 0.07 0.077 0. 0.077
327 0.124 0. 0.124 0.052 0. 0.052 0.071 0. 0.071
328 0.12 0. 0.12 0.051 0. 0.051 0.069 0. 0.069
329 0.12 0. 0.12 0.052 0. 0.052 0.068 0. 0.068
330 0.121 0. 0.121 0.052 0. 0.052 0.068 0. 0.068
331 0.131 0. 0.131 0.061 0. 0.061 0.069 0. 0.069
332 0.159 0. 0.159 0.077 0. 0.077 0.082 0. 0.082
333 0.144 0. 0.144 0.066 0. 0.066 0.078 0. 0.078
334 0.136 0. 0.136 0.049 0. 0.049 0.087 0. 0.087
335 0.133 0. 0.132 0.06 0. 0.058 0.073 0. 0.073
336 0.125 0. 0.125 0.054 0. 0.054 0.071 0. 0.071
337 0.127 0. 0.127 0.054 0. 0.054 0.071 0. 0.071
338 0.139 0. 0.139 0.066 0. 0.066 0.072 0. 0.072
339 0.165 0. 0.165 0.079 0. 0.079 0.086 0. 0.086
340 0.151 0. 0.151 0.068 0. 0.068 0.083 0. 0.083
341 0.132 0. 0.132 0.055 0. 0.055 0.076 0. 0.076
342 0.131 0. 0.131 0.055 0. 0.055 0.075 0. 0.075
343 0.132 0. 0.132 0.056 0. 0.056 0.075 0. 0.075
344 0.141 0. 0.141 0.065 0. 0.065 0.075 0. 0.075
345 0.172 0. 0.172 0.083 0. 0.083 0.089 0. 0.089
346 0.156 0. 0.156 0.07 0. 0.07 0.085 0. 0.085
347 0.138 0. 0.138 0.056 0. 0.056 0.081 0. 0.081
348 0.135 0. 0.135 0.057 0. 0.057 0.077 0. 0.077
349 0.136 0. 0.136 0.058 0. 0.058 0.077 0. 0.077
350 0.148 0. 0.148 0.07 0. 0.07 0.077 0. 0.077
351 0.177 0. 0.177 0.083 0. 0.083 0.093 0. 0.093
352 0.163 0. 0.163 0.073 0. 0.073 0.09 0. 0.09
353 0.138 0. 0.138 0.059 0. 0.059 0.078 0. 0.078
354 0.138 0. 0.138 0.058 0. 0.058 0.079 0. 0.079
355 0.14 0. 0.14 0.06 0. 0.06 0.079 0. 0.079
356 0.157 0. 0.157 0.075 0. 0.075 0.082 0. 0.082
357 0.182 0. 0.182 0.086 0. 0.086 0.095 0. 0.095
358 0.162 0. 0.162 0.07 0. 0.07 0.091 0. 0.091
359 0.144 0. 0.144 0.061 0. 0.061 0.083 0. 0.083
360 0.142 0. 0.142 0.06 0. 0.06 0.081 0. 0.081
361 0.145 0. 0.145 0.062 0. 0.062 0.083 0. 0.083
362 0.183 0. 0.183 0.094 0. 0.094 0.089 0. 0.089
363 0.175 0. 0.175 0.08 0. 0.08 0.094 0. 0.094
364 0.151 0. 0.151 0.062 0. 0.062 0.088 0. 0.088
365 0.146 0. 0.146 0.063 0. 0.063 0.083 0. 0.083
366 0.148 0. 0.148 0.063 0. 0.063 0.085 0. 0.085
367 0.162 0. 0.162 0.077 0. 0.077 0.085 0. 0.085
368 0.191 0. 0.191 0.089 0. 0.089 0.101 0. 0.101
369 0.166 0. 0.166 0.072 0. 0.072 0.093 0. 0.093
370 0.152 0. 0.152 0.064 0. 0.064 0.087 0. 0.087
371 0.15 0. 0.15 0.064 0. 0.064 0.086 0. 0.086
372 0.161 0. 0.161 0.074 0. 0.074 0.087 0. 0.087
373 0.198 0. 0.198 0.094 0. 0.094 0.104 0. 0.104
374 0.178 0. 0.178 0.079 0. 0.079 0.099 0. 0.099
375 0.155 0. 0.155 0.066 0. 0.066 0.088 0. 0.088
376 0.156 0. 0.156 0.067 0. 0.067 0.088 0. 0.088
377 0.161 0. 0.161 0.069 0. 0.069 0.092 0. 0.092
378 0.207 0. 0.207 0.097 0. 0.097 0.109 0. 0.109
379 0.188 0. 0.188 0.082 0. 0.082 0.105 0. 0.105
380 0.159 0. 0.159 0.068 0. 0.068 0.091 0. 0.091
381 0.159 0. 0.159 0.067 0. 0.067 0.091 0. 0.091
382 0.165 0. 0.165 0.072 0. 0.072 0.093 0. 0.093
383 0.212 0. 0.212 0.099 0. 0.099 0.112 0. 0.112
384 0.191 0. 0.191 0.084 0. 0.084 0.106 0. 0.106
385 0.163 0. 0.163 0.07 0. 0.07 0.093 0. 0.093
386 0.164 0. 0.164 0.071 0. 0.071 0.093 0. 0.093
387 0.175 0. 0.175 0.081 0. 0.081 0.094 0. 0.094
388 0.211 0. 0.211 0.098 0. 0.098 0.113 0. 0.113
389 0.184 0. 0.184 0.081 0. 0.081 0.103 0. 0.103
390 0.167 0. 0.167 0.071 0. 0.071 0.096 0. 0.096
391 0.168 0. 0.168 0.071 0. 0.071 0.096 0. 0.096
392 0.189 0. 0.189 0.091 0. 0.091 0.097 0. 0.097
393 0.212 0. 0.212 0.098 0. 0.098 0.113 0. 0.113
394 0.176 0. 0.176 0.07 0. 0.07 0.106 0. 0.106
395 0.171 0. 0.171 0.072 0. 0.072 0.098 0. 0.098
396 0.172 0. 0.172 0.073 0. 0.073 0.098 0. 0.098
397 0.192 0. 0.192 0.091 0. 0.091 0.1 0. 0.1
398 0.216 0. 0.216 0.099 0. 0.099 0.116 0. 0.116
399 0.18 0. 0.18 0.068 0. 0.068 0.112 0. 0.112
400 0.176 0. 0.176 0.074 0. 0.074 0.102 0. 0.102
401 0.175 0. 0.175 0.075 0. 0.075 0.1 0. 0.1
402 0.196 0. 0.196 0.093 0. 0.093 0.102 0. 0.102
403 0.222 0. 0.222 0.101 0. 0.101 0.121 0. 0.121
404 0.19 0. 0.19 0.076 0. 0.076 0.113 0. 0.113
405 0.179 0. 0.179 0.076 0. 0.076 0.102 0. 0.102
406 0.183 0. 0.183 0.08 0. 0.08 0.103 0. 0.103
407 0.238 0. 0.238 0.111 0. 0.111 0.127 0. 0.127
408 0.204 0. 0.204 0.09 0. 0.09 0.114 0. 0.114
409 0.184 0. 0.184 0.078 0. 0.078 0.105 0. 0.105
410 0.185 0. 0.185 0.08 0. 0.08 0.105 0. 0.105
411 0.227 0. 0.227 0.12 0. 0.12 0.107 0. 0.107
412 0.216 0. 0.216 0.093 0. 0.093 0.123 0. 0.123
413 0.187 0. 0.187 0.078 0. 0.078 0.108 0. 0.108
414 0.187 0. 0.187 0.079 0. 0.079 0.107 0. 0.107
415 0.209 0. 0.209 0.101 0. 0.101 0.108 0. 0.108
416 0.23 0. 0.23 0.104 0. 0.104 0.125 0. 0.125
417 0.197 0. 0.197 0.081 0. 0.081 0.116 0. 0.116
418 0.191 0. 0.191 0.081 0. 0.081 0.109 0. 0.109
419 0.215 0. 0.215 0.105 0. 0.105 0.11 0. 0.11
420 0.238 0. 0.238 0.108 0. 0.108 0.13 0. 0.13
421 0.205 0. 0.205 0.082 0. 0.082 0.123 0. 0.123
422 0.196 0. 0.196 0.084 0. 0.084 0.112 0. 0.112
423 0.219 0. 0.219 0.106 0. 0.106 0.113 0. 0.113
424 0.243 0. 0.243 0.109 0. 0.109 0.133 0. 0.133
425 0.208 0. 0.208 0.084 0. 0.084 0.124 0. 0.124
426 0.197 0. 0.197 0.084 0. 0.084 0.113 0. 0.113
427 0.227 0. 0.227 0.113 0. 0.113 0.114 0. 0.114
428 0.243 0. 0.243 0.11 0. 0.11 0.133 0. 0.133
429 0.206 0. 0.206 0.086 0. 0.086 0.12 0. 0.12
430 0.201 0. 0.201 0.086 0. 0.086 0.114 0. 0.114
431 0.231 0. 0.231 0.114 0. 0.114 0.116 0. 0.116
432 0.248 0. 0.248 0.112 0. 0.112 0.136 0. 0.136
433 0.208 0. 0.208 0.087 0. 0.087 0.121 0. 0.121
434 0.206 0. 0.206 0.087 0. 0.087 0.118 0. 0.118
435 0.234 0. 0.234 0.115 0. 0.115 0.119 0. 0.119
436 0.252 0. 0.252 0.113 0. 0.113 0.138 0. 0.138
437 0.208 0. 0.208 0.088 0. 0.088 0.119 0. 0.119
438 0.208 0. 0.208 0.089 0. 0.089 0.119 0. 0.119
439 0.235 0. 0.235 0.113 0. 0.113 0.121 0. 0.121
440 0.255 0. 0.255 0.115 0. 0.115 0.14 0. 0.14
441 0.211 0. 0.211 0.091 0. 0.091 0.119 0. 0.119
442 0.211 0. 0.211 0.09 0. 0.09 0.12 0. 0.12
443 0.263 0. 0.263 0.136 0. 0.136 0.126 0. 0.126
444 0.243 0. 0.243 0.098 0. 0.098 0.145 0. 0.145
445 0.214 0. 0.214 0.09 0. 0.09 0.123 0. 0.123
446 0.237 0. 0.237 0.113 0. 0.113 0.124 0. 0.124
447 0.271 0. 0.271 0.122 0. 0.122 0.149 0. 0.149
448 0.243 0. 0.231 0.105 0. 0.093 0.137 0. 0.137
449 0.233 0.003 0.224 0.097 0. 0.097 0.135 0.003 0.126
450 0.247 0. 0.247 0.12 0. 0.12 0.126 0. 0.126
451 0.263 0. 0.263 0.116 0. 0.116 0.147 0. 0.147
452 0.222 0.003 0.218 0.094 0.003 0.09 0.128 0. 0.128
453 0.223 0. 0.223 0.096 0. 0.096 0.127 0. 0.127
454 0.287 0. 0.287 0.135 0. 0.135 0.151 0. 0.151
455 0.234 0. 0.234 0.095 0. 0.095 0.138 0. 0.138
456 0.225 0. 0.225 0.095 0. 0.095 0.129 0. 0.129
457 0.256 0. 0.256 0.124 0. 0.124 0.131 0. 0.131
458 0.268 0. 0.268 0.116 0. 0.116 0.151 0. 0.151
459 0.228 0. 0.228 0.097 0. 0.097 0.13 0. 0.13
460 0.231 0. 0.231 0.099 0. 0.099 0.131 0. 0.131
461 0.296 0. 0.296 0.132 0. 0.132 0.163 0. 0.163
462 0.246 0. 0.246 0.095 0. 0.095 0.15 0. 0.15
463 0.232 0. 0.232 0.097 0. 0.097 0.135 0. 0.135
464 0.267 0. 0.267 0.134 0. 0.134 0.132 0. 0.132
465 0.285 0.007 0.277 0.127 0.007 0.119 0.158 0. 0.158
466 0.246 0.008 0.238 0.105 0.004 0.101 0.141 0.004 0.137
467 0.249 0. 0.249 0.11 0. 0.11 0.139 0. 0.139
468 0.297 0. 0.297 0.133 0. 0.133 0.163 0. 0.163
469 0.253 0. 0.253 0.099 0. 0.099 0.153 0. 0.153
470 0.236 0. 0.236 0.099 0. 0.099 0.136 0. 0.136
471 0.275 0. 0.275 0.137 0. 0.137 0.138 0. 0.138
472 0.283 0. 0.283 0.122 0. 0.122 0.161 0. 0.161
473 0.242 0. 0.242 0.101 0. 0.101 0.14 0. 0.14
474 0.244 0. 0.244 0.103 0. 0.103 0.14 0. 0.14
475 0.307 0. 0.307 0.142 0. 0.142 0.164 0. 0.164
476 0.252 0. 0.252 0.103 0. 0.103 0.148 0. 0.148
477 0.244 0. 0.244 0.103 0. 0.103 0.141 0. 0.141
478 0.278 0. 0.278 0.135 0. 0.135 0.142 0. 0.142
479 0.286 0. 0.286 0.12 0. 0.12 0.165 0. 0.165
480 0.243 0. 0.243 0.101 0. 0.101 0.141 0. 0.141
481 0.265 0. 0.265 0.122 0. 0.122 0.142 0. 0.142
482 0.309 0. 0.309 0.137 0. 0.137 0.172 0. 0.172
483 0.255 0. 0.255 0.102 0. 0.102 0.152 0. 0.152
484 0.25 0. 0.25 0.107 0. 0.107 0.142 0. 0.142
485 0.319 0. 0.319 0.148 0. 0.148 0.17 0. 0.17
486 0.26 0. 0.26 0.106 0. 0.106 0.153 0. 0.153
487 0.253 0. 0.253 0.108 0. 0.108 0.144 0. 0.144
488 0.316 0. 0.316 0.156 0. 0.156 0.16 0. 0.16
489 0.262 0. 0.262 0.101 0. 0.101 0.16 0. 0.16
490 0.257 0. 0.257 0.109 0. 0.109 0.148 0. 0.148
491 0.316 0. 0.316 0.164 0. 0.164 0.152 0. 0.152
492 0.274 0. 0.274 0.107 0. 0.107 0.167 0. 0.166
493 0.253 0. 0.253 0.104 0. 0.104 0.148 0. 0.148
494 0.301 0. 0.301 0.151 0. 0.151 0.15 0. 0.15
495 0.304 0. 0.304 0.127 0. 0.127 0.177 0. 0.177
496 0.263 0. 0.263 0.11 0. 0.11 0.152 0. 0.152
497 0.303 0. 0.304 0.151 0. 0.151 0.152 0. 0.152
498 0.307 0. 0.307 0.128 0. 0.128 0.178 0. 0.178
499 0.262 0. 0.262 0.109 0. 0.109 0.152 0. 0.152
500 0.43 0.02 0.407 0.164 0.004 0.159 0.266 0.016 0.247
510 0.305 0.003 0.298 0.141 0.003 0.135 0.163 0. 0.163
520 0.401 0.012 0.372 0.194 0.003 0.173 0.206 0.008 0.198
530 0.32 0.011 0.308 0.136 0. 0.136 0.183 0.011 0.171
540 0.389 0.003 0.383 0.192 0.003 0.188 0.196 0. 0.194
550 0.335 0.003 0.331 0.14 0.003 0.136 0.194 0. 0.194
560 0.391 0. 0.381 0.2 0. 0.191 0.19 0. 0.19
570 0.375 0. 0.367 0.142 0. 0.142 0.232 0. 0.224
580 0.398 0. 0.398 0.194 0. 0.194 0.203 0. 0.203
590 0.406 0. 0.406 0.165 0. 0.165 0.241 0. 0.241
600 0.423 0. 0.411 0.209 0. 0.197 0.213 0. 0.213
610 0.43 0. 0.43 0.176 0. 0.176 0.254 0. 0.254
620 0.442 0. 0.442 0.215 0. 0.215 0.226 0. 0.226
630 0.451 0. 0.451 0.182 0. 0.182 0.268 0. 0.268
640 0.48 0. 0.48 0.239 0. 0.239 0.24 0. 0.24
650 0.459 0. 0.459 0.184 0. 0.184 0.275 0. 0.275
660 0.522 0. 0.522 0.251 0. 0.251 0.27 0. 0.27
670 0.493 0. 0.493 0.229 0. 0.229 0.263 0. 0.263
680 0.541 0. 0.541 0.224 0. 0.224 0.316 0. 0.316
690 0.574 0. 0.574 0.295 0. 0.295 0.278 0. 0.278
700 0.525 0.008 0.517 0.217 0. 0.217 0.307 0.007 0.299
710 0.589 0. 0.589 0.236 0. 0.236 0.352 0. 0.352
720 0.607 0. 0.607 0.308 0. 0.308 0.299 0. 0.299
730 0.578 0. 0.578 0.274 0. 0.274 0.304 0. 0.304
740 0.606 0. 0.606 0.237 0. 0.237 0.369 0. 0.369
750 0.648 0. 0.648 0.315 0. 0.315 0.332 0. 0.332
760 0.661 0. 0.661 0.329 0. 0.329 0.332 0. 0.332
770 0.628 0. 0.628 0.261 0. 0.261 0.367 0. 0.367
780 0.725 0. 0.725 0.302 0. 0.302 0.422 0. 0.422
790 0.725 0. 0.725 0.367 0. 0.367 0.358 0. 0.358
800 0.95 0.008 0.94 0.551 0. 0.551 0.398 0.008 0.389
810 0.718 0. 0.718 0.296 0. 0.296 0.421 0. 0.421
820 0.784 0. 0.784 0.327 0. 0.327 0.457 0. 0.457
830 0.778 0. 0.778 0.373 0. 0.372 0.405 0. 0.405
840 1.011 0. 1.011 0.603 0. 0.603 0.407 0. 0.407
850 0.831 0. 0.831 0.424 0. 0.424 0.406 0. 0.406
860 0.841 0. 0.841 0.412 0. 0.412 0.428 0. 0.428
870 0.835 0. 0.835 0.367 0. 0.367 0.468 0. 0.468
880 0.867 0.003 0.863 0.349 0.003 0.345 0.517 0. 0.517
890 0.878 0. 0.878 0.359 0. 0.359 0.518 0. 0.518
900 1.041 0. 1.041 0.363 0. 0.363 0.678 0. 0.678
910 0.946 0. 0.946 0.384 0. 0.384 0.562 0. 0.561
920 0.93 0. 0.93 0.39 0. 0.39 0.539 0. 0.539
930 1.13 0. 1.13 0.413 0. 0.413 0.716 0. 0.716
940 0.977 0. 0.977 0.384 0. 0.384 0.593 0. 0.593
950 1.066 0.007 1.058 0.458 0.007 0.45 0.608 0. 0.608
960 1.002 0.003 0.998 0.405 0.003 0.401 0.596 0. 0.596
970 1.224 0. 1.224 0.456 0. 0.456 0.768 0. 0.768
980 1.085 0. 1.085 0.448 0. 0.448 0.636 0. 0.636
990 1.083 0. 1.083 0.427 0. 0.427 0.655 0. 0.655
1000 1.089 0. 1.089 0.446 0. 0.446 0.642 0. 0.642
1100 1.532 0. 1.532 0.629 0. 0.629 0.902 0. 0.902
1200 1.701 0. 1.701 0.808 0. 0.808 0.892 0. 0.892
1300 1.869 0. 1.869 0.913 0. 0.913 0.955 0. 0.955
1400 2.499 0. 2.499 1.321 0. 1.321 1.177 0. 1.177
1500 2.812 0. 2.812 1.451 0. 1.451 1.36 0. 1.36
1600 3.082 0.055 3.026 1.437 0.044 1.393 1.644 0.011 1.632
1700 3.922 0.099 3.822 1.679 0.075 1.603 2.242 0.024 2.218
1800 4.165 0.063 4.101 1.937 0.048 1.889 2.228 0.015 2.212
1900 4.954 0.076 4.878 2.229 0.048 2.181 2.724 0.027 2.696
2000 4.988 0.041 4.947 2.354 0. 2.353 2.634 0.041 2.592
2100 5.457 0. 5.457 2.951 0. 2.951 2.505 0. 2.505