param-n build-and-open-real build-and-open-sys build-and-open-user open-constr-real open-constr-sys open-constr-user uconstr-real uconstr-sys uconstr-user
0 0. 0. 0. 0. 0. 0. 0. 0. 0.
1 0. 0. 0. 0. 0. 0. 0. 0. 0.
2 0. 0. 0. 0. 0. 0. 0. 0. 0.
3 0. 0. 0. 0. 0. 0. 0. 0. 0.
4 0. 0. 0. 0. 0. 0. 0. 0. 0.
5 0. 0. 0. 0. 0. 0. 0. 0. 0.
6 0. 0. 0. 0. 0. 0. 0. 0. 0.
7 0. 0. 0. 0. 0. 0. 0. 0. 0.
8 0. 0. 0. 0. 0. 0. 0. 0. 0.
9 0. 0. 0. 0. 0. 0. 0. 0. 0.
10 0. 0. 0. 0. 0. 0. 0. 0. 0.
11 0. 0. 0. 0. 0. 0. 0. 0. 0.
12 0. 0. 0. 0. 0. 0. 0. 0. 0.
13 0. 0. 0. 0. 0. 0. 0. 0. 0.
14 0. 0. 0. 0. 0. 0. 0. 0. 0.
15 0. 0. 0. 0. 0. 0. 0. 0. 0.
16 0. 0. 0. 0. 0. 0. 0. 0. 0.
17 0. 0. 0. 0. 0. 0. 0. 0. 0.
18 0. 0. 0. 0. 0. 0. 0. 0. 0.
19 0. 0. 0. 0. 0. 0. 0. 0. 0.
20 0. 0. 0. 0. 0. 0. 0. 0. 0.
21 0. 0. 0. 0. 0. 0. 0. 0. 0.
22 0. 0. 0. 0. 0. 0. 0. 0. 0.
23 0. 0. 0. 0. 0. 0. 0. 0. 0.
24 0. 0. 0. 0. 0. 0. 0. 0. 0.
25 0. 0. 0. 0. 0. 0. 0. 0. 0.
26 0. 0. 0. 0. 0. 0. 0. 0. 0.
27 0. 0. 0. 0. 0. 0. 0. 0. 0.
28 0. 0. 0. 0. 0. 0. 0. 0. 0.
29 0. 0. 0. 0. 0. 0. 0. 0. 0.
30 0. 0. 0. 0. 0. 0. 0. 0. 0.
31 0.001 0. 0. 0. 0. 0. 0. 0. 0.
32 0.001 0.001 0. 0. 0. 0. 0. 0. 0.
33 0.001 0.001 0. 0. 0. 0. 0. 0. 0.
34 0.001 0.001 0. 0. 0. 0. 0. 0. 0.
35 0.016 0. 0.016 0.016 0. 0.016 0. 0. 0.
36 0.001 0. 0.001 0. 0. 0. 0. 0. 0.
37 0.001 0. 0.001 0. 0. 0. 0. 0. 0.
38 0.001 0. 0.001 0. 0. 0. 0. 0. 0.
39 0.001 0. 0.001 0. 0. 0. 0. 0. 0.
40 0.001 0. 0.001 0. 0. 0. 0. 0. 0.
41 0.001 0. 0.001 0. 0. 0. 0. 0. 0.
42 0.001 0. 0.001 0. 0. 0. 0. 0. 0.
43 0.001 0. 0.001 0. 0. 0. 0. 0. 0.
44 0.001 0. 0.001 0. 0. 0. 0. 0. 0.
45 0.001 0. 0.001 0. 0. 0. 0. 0. 0.
46 0.001 0. 0.001 0. 0. 0. 0. 0. 0.
47 0.001 0. 0.001 0.001 0. 0.001 0. 0. 0.
48 0.001 0. 0.001 0.001 0. 0.001 0. 0. 0.
49 0.001 0. 0.001 0.001 0. 0.001 0. 0. 0.
50 0.002 0. 0.002 0.001 0. 0.001 0. 0. 0.
51 0.002 0. 0.002 0.001 0. 0.001 0. 0. 0.
52 0.001 0. 0.001 0.001 0. 0.001 0. 0. 0.
53 0.002 0. 0.002 0.001 0. 0.001 0. 0. 0.
54 0.002 0. 0.002 0.001 0. 0.001 0. 0. 0.
55 0.002 0. 0.002 0.001 0. 0.001 0. 0. 0.
56 0.002 0. 0.002 0.001 0. 0.001 0. 0. 0.
57 0.002 0. 0.002 0.001 0. 0.001 0. 0. 0.
58 0.025 0. 0.025 0.025 0. 0.024 0. 0. 0.
59 0.002 0. 0.002 0.001 0. 0.001 0. 0. 0.
60 0.002 0. 0.002 0.001 0. 0.001 0. 0. 0.
61 0.002 0. 0.002 0.001 0. 0.001 0. 0. 0.
62 0.002 0. 0.002 0.001 0. 0.001 0. 0. 0.
63 0.002 0. 0.002 0.001 0. 0.001 0. 0. 0.
64 0.002 0. 0.002 0.001 0. 0.001 0. 0. 0.
65 0.002 0. 0.002 0.001 0. 0.001 0. 0. 0.
66 0.002 0. 0.002 0.001 0. 0.001 0. 0. 0.
67 0.003 0. 0.003 0.002 0. 0.002 0. 0. 0.
68 0.002 0. 0.002 0.001 0. 0.001 0. 0. 0.
69 0.002 0. 0.002 0.001 0. 0.001 0. 0. 0.
70 0.002 0. 0.002 0.001 0. 0.001 0. 0. 0.
71 0.003 0. 0.003 0.002 0. 0.002 0.001 0. 0.001
72 0.003 0. 0.003 0.002 0. 0.002 0.001 0. 0.001
73 0.004 0.003 0.001 0.003 0.003 0. 0.001 0. 0.001
74 0.003 0. 0.003 0.002 0. 0.002 0.001 0. 0.
75 0.003 0. 0.003 0.002 0. 0.001 0.001 0. 0.001
76 0.003 0. 0.003 0.002 0. 0.002 0.001 0. 0.001
77 0.003 0. 0.003 0.002 0. 0.002 0.001 0. 0.001
78 0.003 0. 0.003 0.002 0. 0.002 0.001 0. 0.001
79 0.003 0. 0.003 0.002 0. 0.002 0.001 0. 0.001
80 0.003 0. 0.003 0.002 0. 0.002 0.001 0. 0.001
81 0.003 0. 0.003 0.002 0. 0.002 0.001 0. 0.001
82 0.003 0. 0.003 0.002 0. 0.002 0.001 0. 0.001
83 0.003 0. 0.003 0.002 0. 0.002 0.001 0. 0.001
84 0.004 0. 0.004 0.002 0. 0.002 0.001 0. 0.001
85 0.004 0. 0.004 0.002 0. 0.002 0.001 0. 0.001
86 0.007 0. 0.007 0.003 0. 0.003 0.004 0. 0.004
87 0.004 0. 0.004 0.003 0. 0.003 0.001 0. 0.001
88 0.004 0. 0.004 0.002 0. 0.002 0.001 0. 0.001
89 0.004 0. 0.004 0.003 0. 0.003 0.001 0. 0.001
90 0.004 0. 0.004 0.003 0. 0.003 0.001 0. 0.001
91 0.004 0. 0.004 0.003 0. 0.003 0.001 0. 0.001
92 0.004 0. 0.004 0.003 0. 0.003 0.001 0. 0.001
93 0.004 0. 0.004 0.003 0. 0.003 0.001 0. 0.001
94 0.004 0. 0.004 0.003 0. 0.003 0.001 0. 0.001
95 0.004 0. 0.004 0.003 0. 0.003 0.001 0. 0.001
96 0.005 0. 0.005 0.003 0. 0.003 0.001 0. 0.001
97 0.004 0. 0.004 0.003 0. 0.003 0.001 0. 0.001
98 0.005 0. 0.005 0.003 0. 0.003 0.001 0. 0.001
99 0.005 0. 0.005 0.003 0. 0.003 0.001 0. 0.001
100 0.005 0. 0.005 0.004 0. 0.004 0.001 0. 0.001
101 0.005 0. 0.005 0.003 0. 0.003 0.001 0. 0.001
102 0.005 0. 0.005 0.003 0. 0.003 0.001 0. 0.001
103 0.005 0. 0.005 0.003 0. 0.003 0.001 0. 0.001
104 0.005 0. 0.005 0.004 0. 0.004 0.001 0. 0.001
105 0.006 0. 0.006 0.004 0. 0.004 0.001 0. 0.001
106 0.005 0. 0.005 0.004 0. 0.004 0.001 0. 0.001
107 0.005 0. 0.005 0.004 0. 0.004 0.001 0. 0.001
108 0.005 0. 0.005 0.004 0. 0.004 0.001 0. 0.001
109 0.005 0. 0.005 0.004 0. 0.004 0.001 0. 0.001
110 0.006 0. 0.006 0.004 0. 0.004 0.001 0. 0.001
111 0.006 0. 0.006 0.004 0. 0.004 0.001 0. 0.001
112 0.006 0. 0.006 0.004 0. 0.004 0.001 0. 0.001
113 0.006 0. 0.006 0.004 0. 0.004 0.002 0. 0.002
114 0.006 0. 0.006 0.004 0. 0.004 0.001 0. 0.001
115 0.006 0. 0.006 0.004 0. 0.004 0.001 0. 0.001
116 0.006 0. 0.006 0.004 0. 0.004 0.001 0. 0.001
117 0.006 0. 0.006 0.005 0. 0.005 0.001 0. 0.001
118 0.006 0. 0.006 0.005 0. 0.005 0.001 0. 0.001
119 0.006 0. 0.006 0.005 0. 0.005 0.001 0. 0.001
120 0.007 0. 0.007 0.005 0. 0.005 0.001 0. 0.001
121 0.007 0. 0.007 0.005 0. 0.005 0.001 0. 0.001
122 0.007 0. 0.007 0.005 0. 0.005 0.001 0. 0.001
123 0.007 0. 0.007 0.005 0. 0.005 0.001 0. 0.001
124 0.007 0. 0.007 0.005 0. 0.005 0.001 0. 0.001
125 0.007 0. 0.007 0.005 0. 0.005 0.001 0. 0.001
126 0.007 0. 0.007 0.005 0. 0.005 0.001 0. 0.001
127 0.008 0. 0.008 0.005 0. 0.005 0.002 0. 0.002
128 0.007 0. 0.007 0.005 0. 0.005 0.001 0. 0.001
129 0.007 0. 0.007 0.006 0. 0.006 0.001 0. 0.001
130 0.008 0. 0.008 0.006 0. 0.006 0.001 0. 0.001
131 0.008 0. 0.008 0.006 0. 0.006 0.001 0. 0.001
132 0.008 0. 0.008 0.006 0. 0.006 0.001 0. 0.001
133 0.008 0. 0.008 0.006 0. 0.006 0.001 0. 0.001
134 0.008 0. 0.008 0.006 0. 0.006 0.001 0. 0.001
135 0.008 0. 0.008 0.006 0. 0.006 0.001 0. 0.001
136 0.008 0. 0.008 0.006 0. 0.006 0.001 0. 0.001
137 0.008 0. 0.008 0.006 0. 0.006 0.001 0. 0.001
138 0.008 0. 0.008 0.006 0. 0.006 0.001 0. 0.001
139 0.01 0. 0.01 0.007 0. 0.007 0.001 0. 0.001
140 0.009 0. 0.009 0.007 0. 0.007 0.002 0. 0.001
141 0.009 0. 0.009 0.007 0. 0.007 0.002 0. 0.002
142 0.009 0. 0.009 0.007 0. 0.007 0.002 0. 0.002
143 0.009 0. 0.009 0.007 0. 0.007 0.002 0. 0.002
144 0.009 0. 0.009 0.007 0. 0.007 0.002 0. 0.002
145 0.012 0. 0.012 0.007 0. 0.007 0.004 0. 0.004
146 0.009 0. 0.009 0.007 0. 0.007 0.002 0. 0.002
147 0.01 0. 0.01 0.007 0. 0.007 0.002 0. 0.002
148 0.01 0. 0.01 0.007 0. 0.007 0.002 0. 0.002
149 0.01 0. 0.01 0.007 0. 0.007 0.002 0. 0.002
150 0.01 0. 0.01 0.007 0. 0.007 0.002 0. 0.002
151 0.01 0. 0.01 0.008 0. 0.008 0.002 0. 0.002
152 0.01 0. 0.01 0.008 0. 0.008 0.002 0. 0.002
153 0.01 0. 0.01 0.008 0. 0.008 0.002 0. 0.002
154 0.01 0. 0.01 0.008 0. 0.008 0.002 0. 0.002
155 0.011 0. 0.011 0.008 0. 0.008 0.002 0. 0.002
156 0.011 0. 0.011 0.008 0. 0.008 0.002 0. 0.002
157 0.011 0. 0.011 0.008 0. 0.008 0.002 0. 0.002
158 0.011 0. 0.011 0.009 0. 0.009 0.002 0. 0.002
159 0.011 0. 0.011 0.009 0. 0.009 0.002 0. 0.002
160 0.011 0.003 0.007 0.009 0.001 0.007 0.002 0.002 0.
161 0.011 0. 0.011 0.009 0. 0.009 0.002 0. 0.002
162 0.011 0. 0.011 0.009 0. 0.009 0.002 0. 0.002
163 0.011 0. 0.011 0.009 0. 0.009 0.002 0. 0.002
164 0.013 0. 0.013 0.01 0. 0.01 0.002 0. 0.002
165 0.012 0. 0.012 0.009 0. 0.009 0.002 0. 0.002
166 0.012 0. 0.012 0.009 0. 0.009 0.002 0. 0.002
167 0.012 0. 0.012 0.009 0. 0.009 0.002 0. 0.002
168 0.012 0. 0.012 0.01 0. 0.01 0.002 0. 0.002
169 0.013 0. 0.013 0.01 0. 0.01 0.002 0. 0.002
170 0.012 0. 0.012 0.01 0. 0.01 0.002 0. 0.002
171 0.013 0. 0.013 0.01 0. 0.01 0.002 0. 0.002
172 0.013 0. 0.013 0.01 0. 0.01 0.002 0. 0.002
173 0.014 0. 0.014 0.01 0. 0.01 0.003 0. 0.003
174 0.013 0. 0.013 0.01 0. 0.01 0.002 0. 0.002
175 0.013 0. 0.013 0.01 0. 0.01 0.002 0. 0.002
176 0.013 0. 0.013 0.011 0. 0.011 0.002 0. 0.002
177 0.014 0. 0.014 0.011 0. 0.011 0.002 0. 0.002
178 0.014 0. 0.014 0.011 0. 0.011 0.002 0. 0.002
179 0.014 0. 0.014 0.011 0. 0.011 0.002 0. 0.002
180 0.014 0. 0.014 0.011 0. 0.011 0.002 0. 0.002
181 0.015 0. 0.015 0.011 0. 0.011 0.004 0. 0.004
182 0.014 0. 0.014 0.011 0. 0.011 0.002 0. 0.002
183 0.015 0. 0.015 0.012 0. 0.012 0.002 0. 0.002
184 0.014 0. 0.014 0.012 0. 0.012 0.002 0. 0.002
185 0.015 0. 0.015 0.012 0. 0.012 0.003 0. 0.003
186 0.015 0. 0.015 0.012 0. 0.012 0.002 0. 0.002
187 0.015 0. 0.015 0.012 0. 0.012 0.002 0. 0.002
188 0.016 0. 0.016 0.013 0. 0.013 0.002 0. 0.002
189 0.015 0. 0.015 0.012 0. 0.012 0.002 0. 0.002
190 0.015 0. 0.015 0.012 0. 0.012 0.002 0. 0.002
191 0.016 0. 0.016 0.013 0. 0.013 0.002 0. 0.002
192 0.017 0. 0.017 0.014 0. 0.014 0.002 0. 0.002
193 0.016 0. 0.016 0.013 0. 0.013 0.002 0. 0.002
194 0.016 0. 0.016 0.013 0. 0.013 0.002 0. 0.002
195 0.019 0. 0.019 0.016 0. 0.016 0.002 0. 0.002
196 0.016 0. 0.016 0.014 0. 0.014 0.002 0. 0.002
197 0.016 0. 0.016 0.013 0. 0.013 0.002 0. 0.002
198 0.017 0. 0.017 0.014 0. 0.014 0.002 0. 0.002
199 0.017 0. 0.017 0.014 0. 0.014 0.002 0. 0.002
200 0.017 0. 0.017 0.014 0. 0.014 0.002 0. 0.002
201 0.017 0. 0.017 0.014 0. 0.014 0.002 0. 0.002
202 0.017 0. 0.017 0.015 0. 0.015 0.002 0. 0.002
203 0.017 0. 0.017 0.014 0. 0.014 0.002 0. 0.002
204 0.018 0. 0.018 0.015 0. 0.015 0.002 0. 0.002
205 0.024 0. 0.024 0.021 0. 0.021 0.002 0. 0.002
206 0.018 0. 0.018 0.015 0. 0.015 0.002 0. 0.002
207 0.018 0. 0.018 0.015 0. 0.015 0.003 0. 0.003
208 0.018 0. 0.018 0.015 0. 0.015 0.003 0. 0.003
209 0.029 0. 0.029 0.015 0. 0.015 0.013 0. 0.013
210 0.019 0. 0.019 0.015 0. 0.015 0.003 0. 0.003
211 0.019 0. 0.019 0.016 0. 0.016 0.003 0. 0.003
212 0.019 0. 0.019 0.016 0. 0.016 0.003 0. 0.003
213 0.019 0. 0.019 0.016 0. 0.016 0.003 0. 0.003
214 0.019 0. 0.019 0.016 0. 0.016 0.003 0. 0.003
215 0.02 0. 0.02 0.016 0. 0.016 0.003 0. 0.003
216 0.02 0. 0.02 0.016 0. 0.016 0.003 0. 0.003
217 0.02 0. 0.02 0.017 0. 0.017 0.003 0. 0.003
218 0.02 0. 0.02 0.017 0. 0.017 0.003 0. 0.003
219 0.02 0. 0.02 0.017 0. 0.017 0.003 0. 0.003
220 0.021 0. 0.021 0.018 0. 0.018 0.003 0. 0.003
221 0.021 0. 0.021 0.017 0. 0.017 0.003 0. 0.003
222 0.021 0. 0.021 0.017 0. 0.017 0.003 0. 0.003
223 0.027 0. 0.027 0.023 0. 0.023 0.003 0. 0.003
224 0.021 0. 0.021 0.018 0. 0.018 0.003 0. 0.003
225 0.021 0. 0.021 0.018 0. 0.018 0.003 0. 0.003
226 0.032 0. 0.032 0.028 0. 0.028 0.003 0. 0.003
227 0.022 0. 0.022 0.018 0. 0.018 0.003 0. 0.003
228 0.022 0. 0.022 0.018 0. 0.018 0.003 0. 0.003
229 0.022 0. 0.022 0.019 0. 0.019 0.003 0. 0.003
230 0.022 0. 0.022 0.019 0. 0.019 0.003 0. 0.003
231 0.023 0. 0.023 0.019 0. 0.019 0.003 0. 0.003
232 0.023 0. 0.023 0.019 0. 0.019 0.003 0. 0.003
233 0.023 0. 0.023 0.02 0. 0.02 0.003 0. 0.003
234 0.026 0.003 0.022 0.023 0.003 0.019 0.003 0. 0.003
235 0.023 0. 0.023 0.02 0. 0.02 0.003 0. 0.003
236 0.023 0. 0.023 0.02 0. 0.02 0.003 0. 0.003
237 0.03 0. 0.03 0.02 0. 0.02 0.009 0. 0.009
238 0.024 0. 0.024 0.02 0. 0.02 0.003 0. 0.003
239 0.029 0. 0.029 0.025 0. 0.025 0.003 0. 0.003
240 0.024 0. 0.024 0.02 0. 0.02 0.003 0. 0.003
241 0.024 0. 0.024 0.021 0. 0.021 0.003 0. 0.003
242 0.033 0. 0.033 0.021 0. 0.021 0.011 0. 0.011
243 0.025 0. 0.025 0.021 0. 0.021 0.003 0. 0.003
244 0.029 0. 0.029 0.025 0. 0.025 0.003 0. 0.003
245 0.025 0. 0.025 0.021 0. 0.021 0.003 0. 0.003
246 0.025 0. 0.025 0.022 0. 0.022 0.003 0. 0.003
247 0.025 0. 0.025 0.022 0. 0.022 0.003 0. 0.003
248 0.026 0. 0.026 0.023 0. 0.023 0.003 0. 0.003
249 0.027 0. 0.027 0.023 0. 0.023 0.003 0. 0.003
250 0.026 0. 0.026 0.023 0. 0.023 0.003 0. 0.003
251 0.028 0. 0.028 0.024 0. 0.024 0.003 0. 0.003
252 0.027 0. 0.027 0.023 0. 0.023 0.003 0. 0.003
253 0.027 0. 0.027 0.023 0. 0.023 0.003 0. 0.003
254 0.027 0. 0.027 0.023 0. 0.023 0.003 0. 0.003
255 0.027 0. 0.027 0.023 0. 0.023 0.003 0. 0.003
256 0.028 0. 0.028 0.024 0. 0.024 0.003 0. 0.003
257 0.051 0. 0.051 0.047 0. 0.047 0.003 0. 0.003
258 0.038 0. 0.038 0.035 0. 0.035 0.003 0. 0.003
259 0.038 0. 0.038 0.034 0. 0.034 0.003 0. 0.003
260 0.04 0.007 0.032 0.036 0.007 0.028 0.003 0. 0.003
261 0.043 0. 0.043 0.039 0. 0.039 0.003 0. 0.003
262 0.045 0. 0.045 0.041 0. 0.041 0.003 0. 0.003
263 0.044 0. 0.044 0.04 0. 0.04 0.003 0. 0.003
264 0.045 0. 0.045 0.041 0. 0.041 0.003 0. 0.003
265 0.047 0. 0.047 0.043 0. 0.043 0.003 0. 0.003
266 0.065 0. 0.065 0.061 0. 0.061 0.003 0. 0.003
267 0.062 0. 0.062 0.058 0. 0.058 0.003 0. 0.003
268 0.059 0. 0.059 0.055 0. 0.055 0.003 0. 0.003
269 0.06 0.004 0.056 0.056 0.004 0.052 0.003 0. 0.003
270 0.054 0. 0.054 0.05 0. 0.05 0.003 0. 0.003
271 0.047 0.003 0.043 0.043 0.003 0.039 0.003 0. 0.003
272 0.046 0. 0.046 0.042 0. 0.042 0.003 0. 0.003
273 0.048 0. 0.048 0.044 0. 0.044 0.003 0. 0.003
274 0.048 0. 0.048 0.044 0. 0.044 0.003 0. 0.003
275 0.048 0. 0.048 0.044 0. 0.044 0.004 0. 0.004
276 0.05 0.003 0.046 0.045 0.003 0.042 0.004 0. 0.004
277 0.049 0. 0.049 0.045 0. 0.045 0.004 0. 0.004
278 0.05 0.003 0.046 0.046 0.003 0.042 0.004 0. 0.004
279 0.046 0. 0.046 0.042 0. 0.042 0.004 0. 0.004
280 0.075 0. 0.075 0.071 0. 0.071 0.004 0. 0.004
281 0.071 0. 0.071 0.066 0. 0.066 0.004 0. 0.004
282 0.069 0. 0.07 0.065 0. 0.065 0.004 0. 0.004
283 0.063 0. 0.063 0.059 0. 0.059 0.004 0. 0.004
284 0.06 0. 0.06 0.056 0. 0.056 0.004 0. 0.004
285 0.054 0. 0.054 0.05 0. 0.05 0.004 0. 0.004
286 0.055 0. 0.055 0.05 0. 0.05 0.004 0. 0.004
287 0.055 0. 0.055 0.05 0. 0.05 0.004 0. 0.004
288 0.055 0. 0.055 0.051 0. 0.051 0.004 0. 0.004
289 0.056 0. 0.056 0.052 0. 0.052 0.004 0. 0.004
290 0.056 0. 0.056 0.052 0. 0.052 0.004 0. 0.004
291 0.057 0. 0.057 0.053 0. 0.053 0.004 0. 0.004
292 0.06 0. 0.06 0.056 0. 0.056 0.004 0. 0.004
293 0.08 0. 0.08 0.076 0. 0.076 0.004 0. 0.004
294 0.075 0. 0.075 0.07 0. 0.07 0.004 0. 0.004
295 0.075 0. 0.075 0.071 0. 0.071 0.004 0. 0.004
296 0.067 0. 0.067 0.062 0. 0.062 0.004 0. 0.004
297 0.058 0. 0.058 0.053 0. 0.053 0.004 0. 0.004
298 0.059 0. 0.059 0.055 0. 0.055 0.004 0. 0.004
299 0.059 0. 0.059 0.054 0. 0.054 0.004 0. 0.004
300 0.061 0. 0.061 0.056 0. 0.056 0.004 0. 0.004
301 0.06 0. 0.06 0.055 0. 0.055 0.004 0. 0.004
302 0.061 0. 0.061 0.056 0. 0.056 0.004 0. 0.004
303 0.062 0. 0.062 0.057 0. 0.057 0.004 0. 0.004
304 0.066 0. 0.066 0.062 0. 0.062 0.004 0. 0.004
305 0.088 0. 0.088 0.083 0. 0.083 0.004 0. 0.004
306 0.081 0. 0.081 0.076 0. 0.076 0.004 0. 0.004
307 0.08 0. 0.08 0.075 0. 0.075 0.004 0. 0.004
308 0.073 0. 0.073 0.068 0. 0.068 0.004 0. 0.004
309 0.058 0. 0.058 0.053 0. 0.053 0.004 0. 0.004
310 0.064 0. 0.064 0.059 0. 0.059 0.004 0. 0.004
311 0.064 0. 0.064 0.06 0. 0.06 0.004 0. 0.004
312 0.064 0. 0.064 0.059 0. 0.059 0.004 0. 0.004
313 0.065 0. 0.065 0.06 0. 0.06 0.004 0. 0.004
314 0.066 0. 0.066 0.061 0. 0.061 0.004 0. 0.004
315 0.066 0. 0.066 0.061 0. 0.061 0.004 0. 0.004
316 0.073 0. 0.073 0.068 0. 0.068 0.004 0. 0.004
317 0.092 0. 0.092 0.087 0. 0.087 0.004 0. 0.004
318 0.087 0. 0.087 0.082 0. 0.082 0.004 0. 0.004
319 0.08 0. 0.08 0.076 0. 0.076 0.004 0. 0.004
320 0.074 0. 0.074 0.069 0. 0.069 0.004 0. 0.004
321 0.068 0. 0.068 0.063 0. 0.063 0.004 0. 0.004
322 0.069 0. 0.069 0.064 0. 0.064 0.004 0. 0.004
323 0.069 0. 0.069 0.064 0. 0.064 0.004 0. 0.004
324 0.07 0. 0.07 0.065 0. 0.065 0.004 0. 0.004
325 0.07 0. 0.07 0.065 0. 0.065 0.004 0. 0.004
326 0.076 0. 0.076 0.071 0. 0.071 0.004 0. 0.004
327 0.1 0. 0.1 0.095 0. 0.095 0.004 0. 0.004
328 0.093 0. 0.093 0.088 0. 0.088 0.004 0. 0.004
329 0.085 0. 0.085 0.08 0. 0.08 0.004 0. 0.004
330 0.078 0. 0.078 0.073 0. 0.073 0.004 0. 0.004
331 0.072 0.003 0.068 0.067 0. 0.067 0.004 0.003 0.
332 0.073 0. 0.073 0.067 0. 0.067 0.005 0. 0.005
333 0.074 0. 0.074 0.069 0. 0.069 0.005 0. 0.005
334 0.074 0. 0.074 0.069 0. 0.069 0.004 0. 0.004
335 0.074 0. 0.074 0.069 0. 0.069 0.005 0. 0.005
336 0.086 0. 0.086 0.081 0. 0.081 0.005 0. 0.005
337 0.102 0. 0.102 0.097 0. 0.097 0.005 0. 0.005
338 0.098 0. 0.098 0.092 0. 0.092 0.005 0. 0.005
339 0.09 0. 0.09 0.085 0. 0.085 0.005 0. 0.005
340 0.071 0. 0.071 0.065 0. 0.065 0.005 0. 0.005
341 0.076 0. 0.076 0.071 0. 0.071 0.005 0. 0.005
342 0.077 0. 0.077 0.072 0. 0.072 0.005 0. 0.005
343 0.078 0. 0.078 0.072 0. 0.072 0.005 0. 0.005
344 0.078 0. 0.078 0.073 0. 0.073 0.005 0. 0.005
345 0.079 0. 0.079 0.073 0. 0.073 0.005 0. 0.005
346 0.088 0. 0.088 0.083 0. 0.083 0.005 0. 0.005
347 0.106 0. 0.106 0.101 0. 0.101 0.005 0. 0.005
348 0.102 0. 0.102 0.097 0. 0.097 0.005 0. 0.005
349 0.09 0. 0.09 0.085 0. 0.085 0.005 0. 0.005
350 0.081 0. 0.081 0.075 0. 0.075 0.005 0. 0.005
351 0.081 0. 0.081 0.076 0. 0.076 0.005 0. 0.005
352 0.081 0. 0.081 0.076 0. 0.076 0.005 0. 0.005
353 0.082 0. 0.082 0.077 0. 0.077 0.005 0. 0.005
354 0.083 0. 0.083 0.078 0. 0.078 0.005 0. 0.005
355 0.094 0. 0.094 0.089 0. 0.089 0.005 0. 0.005
356 0.112 0. 0.112 0.106 0. 0.106 0.005 0. 0.005
357 0.105 0. 0.105 0.099 0. 0.099 0.005 0. 0.005
358 0.093 0. 0.093 0.087 0. 0.087 0.005 0. 0.005
359 0.085 0. 0.084 0.079 0. 0.079 0.005 0. 0.005
360 0.085 0. 0.085 0.08 0. 0.08 0.005 0. 0.005
361 0.086 0. 0.086 0.081 0. 0.081 0.005 0. 0.005
362 0.086 0. 0.086 0.08 0. 0.08 0.005 0. 0.005
363 0.102 0. 0.102 0.096 0. 0.096 0.005 0. 0.005
364 0.117 0. 0.117 0.111 0. 0.111 0.005 0. 0.005
365 0.11 0. 0.11 0.104 0. 0.104 0.005 0. 0.005
366 0.096 0. 0.096 0.09 0. 0.09 0.005 0. 0.005
367 0.088 0. 0.088 0.082 0. 0.082 0.005 0. 0.005
368 0.088 0. 0.088 0.082 0. 0.082 0.005 0. 0.005
369 0.088 0. 0.088 0.083 0. 0.083 0.005 0. 0.005
370 0.089 0. 0.089 0.084 0. 0.084 0.005 0. 0.005
371 0.11 0. 0.11 0.105 0. 0.105 0.005 0. 0.005
372 0.121 0. 0.121 0.115 0. 0.115 0.005 0. 0.005
373 0.11 0. 0.11 0.105 0. 0.105 0.005 0. 0.005
374 0.096 0. 0.096 0.09 0. 0.09 0.005 0. 0.005
375 0.091 0. 0.091 0.086 0. 0.086 0.005 0. 0.005
376 0.093 0. 0.093 0.088 0. 0.088 0.005 0. 0.005
377 0.093 0. 0.093 0.087 0. 0.087 0.005 0. 0.005
378 0.094 0. 0.094 0.088 0. 0.088 0.005 0. 0.005
379 0.109 0. 0.109 0.103 0. 0.103 0.005 0. 0.005
380 0.126 0. 0.126 0.12 0. 0.12 0.005 0. 0.005
381 0.115 0. 0.115 0.109 0. 0.109 0.005 0. 0.005
382 0.097 0. 0.097 0.091 0. 0.091 0.005 0. 0.005
383 0.096 0. 0.096 0.091 0. 0.091 0.005 0. 0.005
384 0.096 0. 0.096 0.09 0. 0.09 0.005 0. 0.005
385 0.097 0. 0.097 0.091 0. 0.091 0.005 0. 0.005
386 0.101 0. 0.101 0.096 0. 0.096 0.005 0. 0.005
387 0.134 0. 0.134 0.128 0. 0.128 0.005 0. 0.005
388 0.123 0. 0.123 0.117 0. 0.117 0.005 0. 0.005
389 0.111 0. 0.111 0.105 0. 0.105 0.005 0. 0.005
390 0.098 0. 0.098 0.092 0. 0.092 0.005 0. 0.005
391 0.1 0. 0.1 0.094 0. 0.094 0.005 0. 0.005
392 0.1 0. 0.1 0.094 0. 0.094 0.005 0. 0.005
393 0.103 0. 0.103 0.097 0. 0.097 0.005 0. 0.005
394 0.139 0. 0.139 0.132 0. 0.132 0.006 0. 0.006
395 0.127 0. 0.127 0.121 0. 0.121 0.005 0. 0.005
396 0.114 0. 0.114 0.108 0. 0.108 0.005 0. 0.005
397 0.103 0. 0.103 0.097 0. 0.097 0.006 0. 0.006
398 0.102 0.003 0.099 0.096 0. 0.096 0.006 0.003 0.002
399 0.104 0. 0.104 0.098 0. 0.098 0.005 0. 0.005
400 0.117 0. 0.117 0.111 0. 0.111 0.006 0. 0.006
401 0.14 0. 0.14 0.134 0. 0.134 0.006 0. 0.006
402 0.127 0. 0.127 0.121 0. 0.121 0.006 0. 0.006
403 0.11 0. 0.11 0.104 0. 0.104 0.005 0. 0.005
404 0.106 0. 0.106 0.1 0. 0.1 0.006 0. 0.006
405 0.106 0. 0.106 0.1 0. 0.1 0.006 0. 0.006
406 0.107 0. 0.107 0.101 0. 0.101 0.006 0. 0.006
407 0.134 0. 0.134 0.128 0. 0.128 0.006 0. 0.006
408 0.142 0. 0.142 0.135 0. 0.135 0.006 0. 0.006
409 0.125 0. 0.125 0.119 0. 0.119 0.006 0. 0.006
410 0.109 0. 0.109 0.103 0. 0.103 0.006 0. 0.006
411 0.109 0. 0.109 0.103 0. 0.103 0.006 0. 0.006
412 0.11 0. 0.11 0.103 0. 0.103 0.006 0. 0.006
413 0.126 0. 0.126 0.119 0. 0.119 0.006 0. 0.006
414 0.149 0. 0.149 0.142 0. 0.142 0.006 0. 0.006
415 0.136 0. 0.136 0.129 0. 0.129 0.006 0. 0.006
416 0.11 0. 0.11 0.104 0. 0.104 0.006 0. 0.006
417 0.112 0. 0.112 0.105 0. 0.105 0.006 0. 0.006
418 0.114 0. 0.114 0.107 0. 0.107 0.006 0. 0.006
419 0.115 0. 0.115 0.108 0. 0.108 0.006 0. 0.006
420 0.14 0. 0.14 0.134 0. 0.134 0.006 0. 0.006
421 0.149 0. 0.149 0.143 0. 0.143 0.006 0. 0.006
422 0.128 0. 0.128 0.122 0. 0.122 0.006 0. 0.006
423 0.116 0. 0.116 0.109 0. 0.109 0.006 0. 0.006
424 0.115 0. 0.115 0.109 0. 0.109 0.006 0. 0.006
425 0.117 0. 0.117 0.111 0. 0.111 0.006 0. 0.006
426 0.146 0. 0.146 0.14 0. 0.14 0.006 0. 0.006
427 0.152 0. 0.152 0.146 0. 0.146 0.006 0. 0.006
428 0.129 0. 0.129 0.123 0. 0.123 0.006 0. 0.006
429 0.117 0. 0.117 0.111 0. 0.111 0.006 0. 0.006
430 0.121 0. 0.121 0.114 0. 0.114 0.006 0. 0.006
431 0.12 0.003 0.116 0.114 0.003 0.11 0.006 0. 0.006
432 0.148 0. 0.148 0.142 0. 0.142 0.006 0. 0.006
433 0.155 0. 0.155 0.149 0. 0.149 0.006 0. 0.006
434 0.131 0. 0.131 0.125 0. 0.125 0.006 0. 0.006
435 0.122 0. 0.122 0.115 0. 0.115 0.006 0. 0.006
436 0.122 0. 0.122 0.115 0. 0.115 0.006 0. 0.006
437 0.123 0. 0.123 0.117 0. 0.117 0.006 0. 0.006
438 0.149 0. 0.149 0.143 0. 0.143 0.006 0. 0.006
439 0.16 0. 0.16 0.153 0. 0.153 0.006 0. 0.006
440 0.134 0. 0.134 0.127 0. 0.127 0.006 0. 0.006
441 0.125 0. 0.125 0.118 0. 0.118 0.006 0. 0.006
442 0.125 0. 0.125 0.119 0. 0.119 0.006 0. 0.006
443 0.136 0. 0.136 0.13 0. 0.13 0.006 0. 0.006
444 0.171 0.003 0.167 0.164 0.003 0.161 0.006 0. 0.006
445 0.156 0. 0.156 0.149 0. 0.149 0.006 0. 0.006
446 0.122 0. 0.122 0.115 0. 0.115 0.006 0. 0.006
447 0.128 0. 0.128 0.121 0. 0.121 0.006 0. 0.006
448 0.129 0. 0.129 0.122 0. 0.122 0.006 0. 0.006
449 0.151 0. 0.151 0.144 0. 0.144 0.006 0. 0.006
450 0.173 0. 0.173 0.166 0. 0.166 0.006 0. 0.006
451 0.15 0. 0.15 0.144 0. 0.144 0.006 0. 0.006
452 0.132 0. 0.132 0.125 0. 0.125 0.006 0. 0.006
453 0.132 0. 0.132 0.125 0. 0.125 0.006 0. 0.006
454 0.135 0. 0.135 0.128 0. 0.128 0.006 0. 0.006
455 0.182 0. 0.182 0.175 0. 0.175 0.006 0. 0.006
456 0.166 0. 0.166 0.159 0. 0.159 0.006 0. 0.006
457 0.13 0. 0.13 0.123 0. 0.123 0.006 0. 0.006
458 0.135 0. 0.135 0.128 0. 0.128 0.006 0. 0.006
459 0.135 0. 0.135 0.128 0. 0.128 0.006 0. 0.006
460 0.171 0. 0.171 0.164 0. 0.164 0.006 0. 0.006
461 0.177 0. 0.177 0.17 0. 0.17 0.006 0. 0.006
462 0.147 0. 0.147 0.14 0. 0.14 0.006 0. 0.006
463 0.136 0. 0.136 0.129 0. 0.129 0.006 0. 0.006
464 0.138 0. 0.138 0.13 0. 0.13 0.007 0. 0.007
465 0.169 0. 0.169 0.162 0. 0.162 0.006 0. 0.006
466 0.18 0. 0.18 0.173 0. 0.173 0.006 0. 0.006
467 0.149 0. 0.149 0.142 0. 0.142 0.007 0. 0.007
468 0.139 0. 0.139 0.132 0. 0.132 0.007 0. 0.007
469 0.141 0. 0.141 0.134 0. 0.134 0.006 0. 0.006
470 0.176 0. 0.176 0.169 0. 0.169 0.007 0. 0.007
471 0.178 0. 0.178 0.171 0. 0.171 0.007 0. 0.007
472 0.15 0. 0.15 0.143 0. 0.143 0.007 0. 0.007
473 0.143 0. 0.143 0.136 0. 0.136 0.007 0. 0.007
474 0.144 0. 0.144 0.137 0. 0.137 0.007 0. 0.007
475 0.183 0. 0.183 0.175 0. 0.175 0.007 0. 0.007
476 0.179 0. 0.179 0.172 0. 0.172 0.007 0. 0.007
477 0.144 0. 0.144 0.137 0. 0.137 0.007 0. 0.007
478 0.146 0. 0.146 0.138 0. 0.138 0.007 0. 0.007
479 0.147 0. 0.147 0.14 0. 0.14 0.007 0. 0.007
480 0.187 0. 0.187 0.18 0. 0.18 0.007 0. 0.007
481 0.183 0. 0.183 0.176 0. 0.176 0.007 0. 0.007
482 0.146 0. 0.146 0.139 0. 0.139 0.007 0. 0.007
483 0.148 0. 0.148 0.141 0. 0.141 0.007 0. 0.007
484 0.15 0. 0.15 0.143 0. 0.143 0.007 0. 0.007
485 0.192 0. 0.192 0.185 0. 0.185 0.007 0. 0.007
486 0.188 0. 0.188 0.18 0. 0.18 0.007 0. 0.007
487 0.146 0. 0.146 0.139 0. 0.139 0.007 0. 0.007
488 0.151 0. 0.151 0.144 0. 0.144 0.007 0. 0.007
489 0.154 0. 0.154 0.147 0. 0.147 0.007 0. 0.007
490 0.195 0. 0.195 0.187 0. 0.187 0.007 0. 0.007
491 0.191 0. 0.191 0.183 0. 0.183 0.007 0. 0.007
492 0.148 0. 0.148 0.141 0. 0.141 0.007 0. 0.007
493 0.154 0. 0.154 0.147 0. 0.147 0.007 0. 0.007
494 0.156 0. 0.156 0.149 0. 0.149 0.007 0. 0.007
495 0.196 0. 0.196 0.188 0. 0.188 0.007 0. 0.007
496 0.193 0. 0.193 0.186 0. 0.186 0.007 0. 0.007
497 0.158 0. 0.158 0.15 0. 0.15 0.007 0. 0.007
498 0.157 0. 0.157 0.149 0. 0.149 0.007 0. 0.007
499 0.185 0. 0.185 0.178 0. 0.178 0.007 0. 0.007
500 0.281 0.008 0.273 0.201 0.008 0.193 0.079 0. 0.079
510 0.212 0.003 0.208 0.204 0.003 0.201 0.007 0. 0.007
520 0.182 0.004 0.177 0.174 0.004 0.169 0.008 0. 0.008
530 0.242 0.007 0.234 0.234 0.007 0.226 0.008 0. 0.008
540 0.226 0.003 0.222 0.218 0.003 0.214 0.008 0. 0.008
550 0.199 0.007 0.191 0.191 0.007 0.183 0.008 0. 0.008
560 0.252 0. 0.252 0.243 0. 0.243 0.008 0. 0.008
570 0.235 0. 0.235 0.227 0. 0.227 0.008 0. 0.008
580 0.21 0. 0.21 0.201 0. 0.201 0.008 0. 0.008
590 0.276 0. 0.276 0.267 0. 0.267 0.009 0. 0.009
600 0.255 0. 0.255 0.246 0. 0.246 0.009 0. 0.009
610 0.235 0. 0.235 0.225 0. 0.225 0.009 0. 0.009
620 0.316 0. 0.315 0.306 0. 0.306 0.009 0. 0.009
630 0.258 0. 0.258 0.248 0. 0.248 0.009 0. 0.009
640 0.311 0. 0.311 0.301 0. 0.301 0.009 0. 0.009
650 0.33 0. 0.33 0.32 0. 0.32 0.009 0. 0.009
660 0.275 0. 0.275 0.265 0. 0.265 0.009 0. 0.009
670 0.388 0. 0.388 0.378 0. 0.378 0.01 0. 0.01
680 0.298 0. 0.298 0.287 0. 0.287 0.01 0. 0.01
690 0.371 0. 0.371 0.36 0. 0.36 0.01 0. 0.01
700 0.349 0. 0.349 0.339 0. 0.339 0.01 0. 0.01
710 0.34 0. 0.34 0.329 0. 0.329 0.01 0. 0.01
720 0.424 0. 0.424 0.413 0. 0.413 0.01 0. 0.01
730 0.349 0.007 0.341 0.337 0.007 0.33 0.01 0. 0.01
740 0.416 0. 0.416 0.405 0. 0.405 0.011 0. 0.011
750 0.347 0. 0.347 0.335 0. 0.335 0.011 0. 0.011
760 0.454 0. 0.454 0.442 0. 0.442 0.011 0. 0.011
770 0.357 0. 0.357 0.345 0. 0.345 0.011 0. 0.011
780 0.463 0. 0.463 0.451 0. 0.451 0.011 0. 0.011
790 0.413 0. 0.413 0.4 0. 0.4 0.012 0. 0.012
800 0.487 0. 0.487 0.475 0. 0.475 0.012 0. 0.012
810 0.412 0. 0.412 0.4 0. 0.4 0.012 0. 0.012
820 0.514 0. 0.514 0.501 0. 0.501 0.012 0. 0.012
830 0.427 0. 0.427 0.414 0. 0.414 0.012 0. 0.012
840 0.513 0. 0.513 0.5 0. 0.5 0.012 0. 0.012
850 0.496 0. 0.496 0.483 0. 0.483 0.012 0. 0.012
860 0.527 0. 0.527 0.514 0. 0.514 0.013 0. 0.013
870 0.574 0. 0.574 0.561 0. 0.561 0.013 0. 0.013
880 0.533 0.007 0.525 0.52 0.007 0.512 0.013 0. 0.013
890 0.748 0. 0.748 0.734 0. 0.734 0.013 0. 0.013
900 0.601 0. 0.601 0.587 0. 0.587 0.013 0. 0.013
910 0.572 0. 0.572 0.558 0. 0.558 0.013 0. 0.013
920 0.656 0. 0.656 0.642 0. 0.642 0.013 0. 0.013
930 0.611 0. 0.611 0.597 0. 0.597 0.014 0. 0.014
940 0.633 0. 0.633 0.618 0. 0.618 0.014 0. 0.014
950 0.686 0. 0.686 0.671 0. 0.671 0.014 0. 0.014
960 0.647 0. 0.647 0.632 0. 0.632 0.014 0. 0.014
970 0.706 0. 0.706 0.691 0. 0.691 0.014 0. 0.014
980 0.761 0. 0.761 0.746 0. 0.746 0.015 0. 0.015
990 0.718 0. 0.718 0.703 0. 0.703 0.014 0. 0.014
1000 0.716 0. 0.716 0.701 0. 0.701 0.015 0. 0.015
1100 0.93 0. 0.93 0.914 0. 0.914 0.016 0. 0.016
1200 1.279 0. 1.279 1.261 0. 1.261 0.018 0. 0.018
1300 1.398 0. 1.398 1.378 0. 1.378 0.019 0. 0.019
1400 1.767 0.007 1.759 1.746 0.007 1.738 0.021 0. 0.021
1500 2.015 0.027 1.987 1.992 0.027 1.964 0.023 0. 0.023
1600 1.949 0. 1.949 1.925 0. 1.925 0.024 0. 0.024
1700 2.693 0. 2.693 2.667 0. 2.667 0.025 0. 0.025
1800 2.572 0. 2.572 2.545 0. 2.545 0.027 0. 0.027
1900 3.445 0.039 3.405 3.38 0.039 3.34 0.064 0. 0.064
2000 3.584 0.031 3.552 3.553 0.031 3.522 0.03 0. 0.03
2100 4.127 0.003 4.123 4.054 0.003 4.05 0.072 0. 0.072
2200 4.75 0.028 4.722 4.717 0.028 4.689 0.032 0. 0.032
2300 4.944 0.003 4.94 4.856 0.003 4.852 0.087 0. 0.087
2400 5.345 0. 5.345 5.309 0. 5.309 0.036 0. 0.036
2500 5.828 0. 5.828 5.745 0. 5.745 0.082 0. 0.082
2600 5.73 0.035 5.694 5.587 0.035 5.551 0.142 0. 0.142
2700 6.922 0.156 6.766 6.881 0.156 6.725 0.04 0. 0.04
2800 7.094 0.043 7.05 7.027 0.043 6.983 0.066 0. 0.066
2900 7.436 0. 7.436 7.377 0. 7.378 0.058 0. 0.058
3000 8.271 0.031 8.239 8.226 0.031 8.194 0.045 0. 0.045